457.790
457.493
453.740
453.740
453.740
453.740
453.740
452.617
452.617
447.418
447.418
447.418
439.971
439.971
439.971
439.971
439.971
439.971
439.971
439.008
438.865
438.865
438.865
438.865
438.865
438.865
438.865
438.865
438.865
438.865
438.865
438.865
438.865
438.865
438.865
438.865
438.865
438.865
438.865
438.865
438.865
438.865
438.550
438.550
438.550
438.235
438.235
438.235
438.235
438.235
438.007
438.007
438.007
438.007
438.007
438.007
438.007
438.007
438.007
438.007
438.007
438.007
438.007
438.007
438.007
438.007
438.007
438.007
438.007
438.007
438.007
438.007
438.007
438.007
438.007
438.007
438.007
438.007
438.007
438.007
438.007
438.007
438.007
438.007
438.007
438.007
438.007
438.007
438.007
438.007
438.007
438.007
438.007
438.007
438.007
438.007
438.007
438.007
438.007
438.007
438.007
