846.773
842.493
841.717
840.163
836.341
836.341
836.341
836.341
836.341
836.341
836.341
836.341
836.341
832.513
832.513
832.158
827.006
827.006
827.006
827.006
826.213
826.213
825.914
825.355
825.355
823.369
822.183
821.995
821.995
821.995
821.538
821.538
820.120
820.120
820.120
820.120
820.120
819.355
819.355
819.355
818.323
818.323
818.323
818.323
818.323
818.323
818.323
818.323
818.323
816.905
816.905
816.905
816.905
811.022
811.022
808.926
805.966
805.966
805.966
805.966
805.966
805.966
805.966
805.966
805.966
805.361
805.361
805.361
804.694
804.694
804.694
804.694
804.694
804.694
804.694
804.694
