175.520
175.520
175.520
175.520
175.520
174.187
174.187
174.187
169.189
169.189
169.189
169.189
169.189
168.826
168.826
168.013
168.013
167.009
167.009
167.009
167.009
167.009
167.009
167.009
167.009
167.009
167.009
167.009
167.009
167.009
167.009
167.009
167.009
167.009
167.009
167.009
167.009
166.489
166.489
166.489
166.489
166.489
166.489
166.489
166.489
166.489
166.489
166.489
166.475
166.475
166.475
166.475
166.475
166.475
166.475
166.475
166.475
166.475
166.475
166.475
166.475
166.475
166.475
166.475
166.475
166.475
166.475
166.475
166.475
166.475
166.475
166.475
166.475
166.475
166.475
166.475
166.475
166.475
166.475
166.475
166.475
166.475
166.475
166.475
166.475
166.475
166.475
166.475
166.475
166.475
166.475
166.475
166.475
166.475
166.475
166.475
166.475
166.475
166.475
166.475
166.475
166.475
166.475
166.475
166.475
166.475
166.475
166.475
166.475
166.475
166.475
166.475
166.475
166.475
166.475
166.475
166.475
166.475
166.475
166.475
166.475
166.475
166.475
181.483
181.483
181.483
181.483
181.483
181.483
181.483
181.483
181.483
181.483
181.483
181.483
181.483
181.483
181.483
181.483
181.483
181.483
181.483
181.483
181.483
181.483
181.483
181.483
181.483
181.483
181.483
181.483
181.483
181.483
181.483
181.483
181.483
181.483
181.483
181.483
181.483
181.483
181.483
191.696
191.696
191.696
191.696
191.696
191.696
191.696
187.109
189.845
189.845
189.845
189.845
184.496
184.496
184.496
184.496
184.496
184.496
184.496
184.496
184.496
184.496
184.496
184.496
184.496
184.496
184.496
184.496
184.496
184.496
184.496
184.496
184.496
184.496
184.496
184.496
184.496
184.496
184.496
184.496
184.496
184.496
184.496
184.496
184.496
184.496
184.496
184.496
184.496
184.496
184.496
184.496
184.496
184.496
184.496
184.496
184.496
184.496
184.496
184.496
184.496
184.496
184.496
184.496
184.496
184.496
184.496
184.496
184.496
184.496
184.496
184.496
184.496
184.496
184.496
184.496
184.496
184.496
184.496
184.496
184.496
184.496
184.496
184.496
184.496
184.496
184.496
184.496
184.496
184.496
184.496
184.496
184.496
184.496
184.496
184.496
184.496
184.496
184.496
184.496
184.496
184.496
184.496
184.496
184.496
184.496
184.496
184.496
184.496
184.496
184.496
184.496
184.496
184.496
184.496
184.496
184.496
184.496
184.496
184.496
184.496
184.496
184.496
184.496
184.496
184.496
184.496
184.496
184.496
184.496
184.496
184.496
184.496
184.496
184.496
184.496
184.496
184.496
184.496
184.496
184.496
184.496
184.496
184.496
184.496
184.496
184.496
184.496
184.496
184.496
184.496
184.496
184.496
184.496
184.496
184.496
184.496
184.496
184.496
184.496
184.496
184.496
184.496
184.496
184.496
184.496
184.496
184.496
184.496
184.496
184.496
190.682
190.532
190.532
190.532
190.532
190.532
190.532
190.532
190.532
190.532
190.532
190.532
190.532
190.532
190.532
190.532
190.057
190.057
190.057
190.057
190.057
190.057
190.057
190.057
190.057
190.057
190.057
190.057
190.057
190.057
190.057
190.057
190.057
190.057
190.057
187.709
187.709
187.709
187.709
187.709
187.709
187.709
187.709
187.709
187.709
187.709
187.709
187.709
187.709
187.709
187.709
187.709
187.709
187.709
187.709
187.709
187.709
179.967
179.967
179.967
179.967
179.967
179.967
179.967
179.967
179.967
179.967
179.967
179.967
179.967
179.967
179.967
179.967
179.967
179.967
179.967
179.967
179.967
179.967
179.967
179.967
178.323
178.323
178.323
178.323
178.323
178.323
178.323
178.323
178.323
178.323
178.323
178.323
186.175
186.175
186.175
186.175
186.175
186.175
186.175
186.175
186.175
186.467
186.467
186.467
186.467
186.467
186.467
186.467
186.467
186.467
186.467
186.467
186.467
186.467
186.467
186.467
186.467
186.467
186.467
186.467
186.467
186.467
186.467
186.467
192.259
192.259
192.259
192.259
192.259
192.259
192.259
192.259
188.581
188.581
188.581
188.581
188.581
188.581
188.581
188.581
188.581
188.581
188.581
188.581
188.581
188.581
188.581
188.581
188.581
188.581
188.581
188.581
188.581
188.581
188.581
188.581
188.581
188.581
188.581
188.581
188.581
188.581
188.581
192.924
192.924
192.924
192.924
192.924
192.924
193.359
193.359
193.359
193.359
193.359
195.192
195.192
195.192
195.192
195.192
195.192
195.192
195.192
195.192
195.192
195.192
195.192
195.192
195.192
186.508
186.508
186.508
186.508
186.508
186.508
178.583
178.583
178.583
178.583
178.583
178.583
178.583
178.583
178.583
178.583
178.583
178.583
178.583
178.583
178.583
178.583
178.583
178.583
178.583
178.583
178.583
178.583
178.583
178.583
178.583
178.583
178.583
178.583
178.583
178.583
178.583
178.583
178.583
178.583
178.583
178.583
178.583
178.583
178.583
178.583
178.583
178.583
178.583
178.583
178.583
178.583
178.583
178.583
178.583
178.583
178.583
178.583
178.583
178.583
178.583
178.583
178.583
178.583
178.583
178.583
178.583
178.583
178.583
178.583
178.583
178.583
178.583
178.583
178.583
178.583
178.583
178.583
178.583
178.583
178.583
178.583
178.583
178.583
178.583
178.583
178.583
178.583
178.583
178.583
178.583
178.583
178.583
178.583
178.583
178.583
178.583
178.583
178.583
178.583
178.583
178.583
178.583
178.583
178.583
178.583
178.583
178.583
178.583
178.583
178.583
178.583
178.583
178.583
178.583
178.583
178.583
178.583
178.583
178.583
178.583
178.583
178.583
178.583
178.583
178.583
178.583
178.583
178.583
178.583
178.583
178.583
178.583
178.583
178.583
178.583
178.583
178.583
178.583
178.583
178.583
178.583
178.583
178.583
178.583
178.583
178.583
178.583
178.583
178.583
178.583
178.583
178.583
178.583
178.583
178.583
178.583
178.583
178.583
178.583
178.583
178.583
178.583
178.583
178.583
178.583
178.583
178.583
178.583
178.583
178.583
178.583
178.583
178.583
178.583
178.583
178.583
178.583
178.583
178.304
178.304
178.304
178.304
178.304
178.304
178.304
178.304
178.304
178.304
178.304
178.304
178.304
178.304
178.304
178.304
178.304
178.304
178.304
178.304
178.304
178.304
178.304
178.304
178.304
178.304
178.304
178.304
178.304
178.304
178.304
178.304
178.304
178.304
178.304
178.304
178.304
178.304
178.304
178.304
178.304
178.304
178.304
178.304
178.304
178.304
178.304
178.304
178.304
178.304
178.304
178.304
178.304
178.304
178.304
178.304
178.304
178.304
178.304
178.304
178.304
178.304
178.304
178.304
178.304
178.304
178.304
178.304
178.304
178.304
178.304
178.304
178.304
178.304
178.304
178.304
178.304
178.304
178.304
178.304
178.304
178.304
178.304
178.304
178.304
178.304
178.304
178.304
178.304
178.304
178.304
178.304
178.304
178.304
178.304
178.304
178.304
173.836
173.836
173.836
173.836
173.836
173.836
173.836
173.836
173.836
173.836
173.836
173.836
173.836
173.836
173.836
173.836
173.836
173.836
173.836
173.836
173.836
173.836
173.836
173.836
173.836
173.836
173.836
