842.493
841.717
840.163
836.341
836.341
836.341
836.341
836.341
836.341
836.341
836.341
836.341
832.513
832.513
832.158
827.006
827.006
827.006
827.006
826.213
826.213
825.914
825.355
825.355
823.369
822.183
821.995
821.995
821.995
821.538
821.538
820.120
820.120
820.120
820.120
820.120
819.355
819.355
819.355
819.355
819.355
819.355
819.355
819.355
819.355
819.355
819.355
819.355
819.355
819.355
819.355
819.355
819.355
819.355
819.355
819.355
819.355
904.809
904.809
904.809
904.809
918.126
918.126
918.126
918.126
918.126
918.126
918.126
820.267
820.267
820.267
820.267
820.267
820.267
820.267
820.267
820.267
820.267
820.267
820.267
820.267
820.267
820.267
820.267
820.267
820.267
820.267
820.267
820.267
820.267
820.267
820.267
820.267
820.267
820.267
820.267
820.267
820.267
820.267
820.267
820.267
820.267
820.267
820.267
820.267
820.267
820.267
820.267
820.267
820.267
820.267
820.267
820.267
820.267
820.267
820.267
820.267
820.267
820.267
820.267
820.267
820.267
820.267
820.267
820.267
820.267
820.267
820.267
820.267
820.267
820.267
820.267
820.267
820.267
820.267
820.267
820.267
820.267
820.267
820.267
820.267
820.267
820.267
820.267
820.267
820.267
820.267
820.267
820.267
820.267
820.267
820.267
820.267
820.267
820.267
820.267
820.267
820.267
820.267
820.267
820.267
820.267
820.267
820.267
820.267
820.267
820.267
820.267
820.267
820.267
820.267
820.267
820.267
820.267
820.267
820.267
820.267
820.267
820.267
820.267
820.267
820.267
820.267
820.267
820.267
820.267
820.267
820.267
820.267
820.267
820.267
820.267
820.267
820.267
820.267
820.267
820.267
820.267
820.267
820.267
820.267
820.267
820.267
820.267
820.267
820.267
820.267
820.267
820.267
820.267
820.267
820.267
820.267
820.267
820.267
820.267
820.267
820.267
820.267
820.267
820.267
820.267
820.267
820.267
820.267
820.267
820.267
820.267
820.267
820.267
820.267
820.267
820.267
820.267
820.267
820.267
820.267
820.267
820.267
820.267
820.267
820.267
820.267
820.267
820.267
820.267
820.267
820.267
820.267
820.267
820.267
820.267
820.267
820.267
820.267
820.267
820.267
820.267
820.267
820.267
820.267
820.267
820.267
820.267
820.267
820.267
820.267
820.267
820.267
820.267
820.267
820.267
820.267
820.267
820.267
820.267
820.267
820.267
820.267
820.267
820.267
820.267
820.267
820.267
820.267
820.267
820.267
820.267
820.267
820.267
820.267
820.267
820.267
820.267
820.267
820.267
820.267
820.267
820.267
820.267
820.267
820.267
820.267
820.267
820.267
820.267
820.267
820.267
820.267
820.267
820.267
820.267
820.267
820.267
820.267
820.267
820.267
820.267
820.267
820.267
820.267
820.267
820.267
820.267
820.267
820.267
820.267
820.267
820.267
820.267
820.267
820.267
820.267
820.267
820.267
820.267
820.267
820.267
820.267
820.267
820.267
820.267
820.267
820.267
820.267
820.267
820.267
820.267
820.267
820.267
820.267
820.267
820.267
820.267
820.267
820.267
820.267
820.267
820.267
820.267
820.267
820.267
820.267
820.267
820.267
820.267
820.267
820.267
820.267
820.267
820.267
820.267
820.267
820.267
820.267
820.267
820.267
820.267
820.267
820.267
820.267
820.267
820.267
820.267
820.267
820.267
820.267
820.267
820.267
820.267
820.267
820.267
820.267
820.267
820.267
820.267
820.267
820.267
820.267
820.267
820.267
820.267
820.267
820.267
820.267
820.267
820.267
820.267
820.267
820.267
820.267
820.267
820.267
