1262.708
1248.499
1248.499
1248.499
1246.475
1246.475
1226.756
1226.756
1219.648
1215.573
1215.573
1210.537
1210.537
1210.537
1127.560
1111.527
1111.527
1102.705
1102.705
1102.705
1098.201
1093.106
1091.432
1090.390
1089.640
1089.640
1089.640
1089.640
1089.640
1089.640
1089.640
1089.640
1089.640
1089.640
1089.640
1089.640
1089.640
1089.640
1089.640
1089.640
1089.640
1089.640
1089.640
1089.640
1089.640
1089.640
1089.640
1089.640
1089.640
1089.640
1089.640
1089.640
1089.640
1089.640
1089.640
1089.640
1089.640
1089.640
1089.640
1089.640
1089.640
1089.640
1089.640
1089.640
1089.640
1089.640
1089.640
1089.640
1089.640
1089.640
1089.640
1089.640
1089.640
1089.640
1089.640
1089.640
1089.640
1089.640
1089.640
1089.640
1089.640
1089.640
1089.640
1089.640
1089.640
1089.640
1089.640
1089.640
1089.640
1089.640
1089.640
1089.640
1089.640
1089.640
1089.640
1089.640
1089.640
1089.640
1089.640
1089.640
1089.640
1089.640
1089.640
1089.640
1089.640
1089.640
1089.640
1089.640
1089.640
1089.640
1089.640
1089.640
1089.640
1089.640
1089.640
1089.640
1089.640
1089.640
1089.640
1089.640
1089.640
1089.640
1089.640
1089.640
1089.640
1089.640
1089.640
1089.640
1089.640
1089.640
1089.640
1089.640
1089.640
1089.640
1089.640
1089.640
1089.640
1089.640
1089.640
1089.640
1089.640
1089.640
1089.640
1089.640
1089.640
1089.640
1089.640
1089.640
1089.640
1089.640
1089.640
1089.640
1089.640
1089.640
1089.640
1089.640
1089.640
1089.640
1089.640
1089.640
1089.640
1089.640
1089.640
1089.640
1089.640
1089.640
1089.640
1089.640
1089.640
1089.640
1089.640
1089.640
1089.640
1089.640
1089.640
1089.640
1089.640
1089.640
1089.640
1089.640
1089.640
1089.640
1089.640
1089.640
1089.640
1089.640
1089.640
1089.640
1089.640
1089.640
1089.640
1089.640
1089.640
1089.640
1089.640
1089.640
1089.640
1089.640
1089.640
1089.640
1089.640
1089.640
1089.640
1089.640
1089.640
1089.640
1089.640
1089.640
1089.640
1089.640
1089.640
1089.640
1089.640
1089.640
1089.640
1089.640
1089.640
1089.640
1089.640
1089.640
1089.640
1089.640
1089.640
1089.640
1089.640
1089.640
1089.640
1089.640
1089.640
1089.640
1089.640
1089.640
1089.640
1089.640
1089.640
1089.640
1089.640
1089.640
1089.640
1089.640
1089.640
1089.640
1089.640
1089.640
1089.640
1089.640
1089.640
1089.640
1089.640
1089.640
1089.640
1089.640
1089.640
1089.640
1089.640
1089.640
1089.640
1089.640
1089.640
1089.640
1089.640
1089.640
1089.640
1089.640
1089.640
1089.640
1089.640
1089.640
1089.640
1089.640
1089.640
1089.640
1089.640
1089.640
1089.640
