1318.649
1318.573
1318.573
1311.198
1311.198
1311.198
1284.191
1280.881
1280.864
1280.864
1280.864
1280.083
1279.948
1279.948
1279.948
1277.773
1277.773
1277.153
1277.153
1277.153
1277.153
1277.153
1277.153
1277.153
1277.153
1277.153
1277.153
1277.153
1463.674
1463.674
1461.366
1461.366
1461.366
1461.366
1461.366
1461.366
1461.366
1461.366
1461.366
1461.366
1461.366
1461.366
1461.366
1461.366
1461.366
1461.366
1461.366
1461.366
1461.366
1446.943
1446.943
1443.210
1443.210
1443.210
1443.210
1443.210
1443.210
1443.210
1443.210
1443.210
1443.210
1443.210
1443.210
1286.629
1286.629
1286.629
1286.629
1286.629
1286.629
1286.629
1286.629
1286.629
1286.629
1286.629
1286.629
1286.629
1286.629
1286.629
1286.629
1286.629
1286.629
1286.629
1286.629
1286.629
1286.629
1286.629
1286.629
1286.629
1286.629
1286.629
1286.629
1286.629
1286.629
1286.629
1286.629
1286.629
1286.629
1286.629
1286.629
1286.629
1286.629
1286.629
1286.629
1286.629
1286.629
1286.629
1286.629
1286.629
1286.629
1286.629
1286.629
1286.629
1286.629
1286.629
1286.629
1286.629
1286.629
1286.629
1286.629
1286.629
1286.629
1286.629
1286.629
1286.629
1286.629
1286.629
1286.629
1286.629
1286.629
1286.629
1286.629
1286.629
1286.629
1286.629
1286.629
1286.629
1286.629
1286.629
1286.629
1286.629
1286.629
1286.629
1286.629
1286.629
1286.629
1286.629
1286.629
1286.629
1286.629
1286.629
1286.629
1286.629
1286.629
1286.629
1286.629
1286.629
1286.629
1286.629
1286.629
1286.629
1286.629
1286.629
1286.629
1286.629
1286.629
1286.629
1286.629
1286.629
1286.629
1286.629
1286.629
1286.629
1286.629
1286.629
1286.629
1286.629
1286.629
1286.629
1286.629
1286.629
1286.629
1286.629
1286.629
1286.629
1286.629
1286.629
1286.629
1286.629
1286.629
1286.629
1286.629
1286.629
1286.629
1286.629
1286.629
1286.629
1286.629
1286.629
1286.629
1286.629
1286.629
1286.629
1286.629
1286.629
1286.629
1286.629
1286.629
1286.629
1286.629
1286.629
1286.629
1286.629
1286.629
1286.629
1286.629
1286.629
1286.629
1286.629
1286.629
1286.629
1286.629
1286.629
1286.629
1286.629
1286.629
1286.629
1286.629
1286.629
1286.629
1286.629
1286.629
1286.629
1286.629
1286.629
1286.629
1286.629
1286.629
1286.629
1286.629
1286.629
1286.629
1286.629
1286.629
1286.629
1286.629
1286.629
1286.629
1286.629
1286.629
1286.629
1286.629
1286.629
1286.629
1286.629
1286.629
1286.629
1286.629
1286.629
1286.629
1286.629
1286.629
1286.629
1286.629
1286.629
1286.629
1286.629
1286.629
1286.629
1286.629
1286.629
1286.629
1286.629
1286.629
1286.629
1286.629
