1282.885
1282.885
1282.885
1282.885
1282.885
1281.337
1281.337
1281.337
1280.810
1280.786
1280.786
1280.757
1280.757
1280.757
1280.757
1277.855
1277.855
1277.429
1277.429
1277.429
1277.429
1275.471
1275.471
1275.471
1275.076
1275.076
1275.076
1275.076
1275.076
1275.076
1275.076
1275.076
1275.076
1275.076
1275.076
1275.076
1275.076
1275.076
1275.076
1275.076
1275.076
1275.076
1275.076
1275.076
1275.076
1275.076
1275.076
1275.076
1275.076
1275.076
1275.076
1275.076
1275.076
1275.076
1275.076
1275.076
1275.076
1275.076
1275.076
1275.076
1275.076
1275.076
1275.076
1275.076
1275.076
1275.076
1275.076
1275.076
1275.076
1275.076
1275.076
1275.076
1275.076
1275.076
1275.076
1275.076
1275.076
1275.076
1275.076
1275.076
1275.076
1275.076
1275.076
1275.076
1275.076
1275.076
1275.076
1275.076
1275.076
1275.076
1275.076
1275.076
1275.076
1275.076
1275.076
1275.076
1275.076
1275.076
1275.076
1275.076
1275.076
1275.076
1275.076
1275.076
1275.076
1275.076
1275.076
1275.076
1275.076
1275.076
1275.076
1275.076
1275.076
1275.076
1275.076
1275.076
1275.076
1275.076
1275.076
1275.076
1275.076
1275.076
1275.076
1275.076
1275.076
1275.076
1275.076
1275.076
1275.076
1275.076
1275.076
1275.076
1275.076
1275.076
1275.076
1275.076
1275.076
1275.076
1275.076
1275.076
1275.076
1275.076
1275.076
1275.076
1275.076
1275.076
1275.076
1275.076
1275.076
1275.076
1275.076
1275.076
1275.076
1275.076
1275.076
1275.076
1275.076
1275.076
1275.076
1275.076
1275.076
1275.076
1275.076
1275.076
1275.076
1275.076
1275.076
1275.076
1275.076
1275.076
1275.076
1275.076
1275.076
1275.076
1275.076
1275.076
1275.076
1275.076
1275.076
1275.076
1275.076
1275.076
1275.076
1275.076
1275.076
1275.076
1275.076
1275.076
1275.076
1275.076
1275.076
1275.076
1275.076
1275.076
1275.076
1275.076
1275.076
1275.076
1275.076
1275.076
1275.076
1275.076
1275.076
1275.076
1275.076
1275.076
1275.076
1275.076
1275.076
1275.076
1275.076
1275.076
1275.076
1275.076
1275.076
1275.076
1275.076
1275.076
1275.076
1275.076
1275.076
1275.076
1275.076
1275.076
1275.076
1275.076
1275.076
1275.076
1275.076
1275.076
1275.076
1275.076
1275.076
1275.076
1275.076
1275.076
1275.076
1275.076
1275.076
1275.076
1275.076
1275.076
1275.076
1275.076
1275.076
1275.076
1275.076
1275.076
1275.076
1275.076
1275.076
1275.076
1275.076
1275.076
1275.076
1275.076
1275.076
1275.076
1275.076
1275.076
1275.076
1275.076
1275.076
1275.076
1275.076
1275.076
1275.076
1275.076
1275.076
1275.076
1275.076
1275.076
1275.076
1275.076
1275.076
