895.637
895.637
891.840
891.840
891.840
888.894
887.589
885.300
885.300
885.300
884.129
880.634
880.634
880.634
880.634
880.634
880.634
880.634
880.634
878.474
877.875
877.875
877.875
877.875
877.875
877.875
877.875
877.875
877.875
877.844
877.844
877.844
877.844
877.844
876.248
876.248
876.248
876.248
876.248
876.248
876.248
876.248
876.248
876.248
876.248
876.248
876.248
876.248
876.248
876.248
876.248
876.248
876.248
876.248
876.248
876.248
876.248
876.248
876.248
876.248
876.248
876.248
876.248
876.248
876.248
876.248
876.248
876.248
876.248
876.248
876.248
876.248
876.248
876.248
876.248
876.248
876.248
876.248
876.248
876.248
876.248
876.248
876.248
876.248
876.248
876.248
876.248
876.248
876.248
876.248
876.248
876.248
876.248
876.248
876.248
876.248
876.248
876.248
876.248
876.248
876.248
876.248
876.248
876.248
876.248
876.248
876.248
876.248
876.248
876.248
876.248
876.248
876.248
876.248
876.248
876.248
876.248
876.248
876.248
876.248
876.248
876.248
876.248
876.248
876.248
876.248
876.248
876.248
876.248
876.248
876.248
876.248
876.248
876.248
876.248
876.248
876.248
876.248
876.248
876.248
876.248
876.248
876.248
876.248
876.248
876.248
876.248
876.248
876.248
876.248
876.248
876.248
876.248
876.248
876.248
876.248
876.248
876.248
876.248
876.248
876.248
876.248
876.248
876.248
876.248
876.248
876.248
876.248
876.248
876.248
876.248
876.248
914.120
914.120
914.120
914.120
914.120
914.120
914.120
914.120
914.120
914.120
914.120
914.120
914.120
914.120
914.120
914.120
914.120
914.120
914.120
914.120
914.120
914.120
914.120
914.120
914.120
914.120
914.120
914.120
914.120
914.120
914.120
914.120
914.120
914.120
914.120
914.120
914.120
914.120
914.120
914.120
914.120
914.120
914.120
914.120
914.120
914.120
914.120
914.120
914.120
914.120
914.120
914.120
914.120
914.120
914.120
914.120
914.120
914.120
914.120
914.120
914.120
914.120
914.120
914.120
914.120
914.120
914.120
914.120
914.120
914.120
914.120
914.120
914.120
914.120
914.120
914.120
914.120
914.120
914.120
914.120
914.120
914.120
914.120
914.120
914.120
914.120
914.120
914.120
914.120
914.120
914.120
914.120
914.120
914.120
914.120
914.120
914.120
914.120
914.120
914.120
914.120
914.120
914.120
914.120
914.120
914.120
914.120
914.120
914.120
914.120
914.120
914.120
914.120
914.120
914.120
914.120
914.120
914.120
914.120
914.120
914.120
914.120
914.120
914.120
914.120
914.120
914.120
914.120
914.120
914.120
914.120
914.120
914.120
914.120
914.120
914.120
914.120
914.120
914.120
914.120
914.120
914.120
914.120
914.120
914.120
914.120
914.120
914.120
914.120
914.120
914.120
914.120
914.120
914.120
914.120
914.120
914.120
914.120
914.120
914.120
914.120
914.120
914.120
914.120
914.120
914.120
914.120
914.120
914.120
914.120
914.120
914.120
914.120
914.120
914.120
914.120
914.120
914.120
914.120
914.120
914.120
914.120
914.120
914.120
914.120
914.120
914.120
914.120
914.120
914.120
914.120
914.120
914.120
914.120
914.120
914.120
914.120
914.120
914.120
914.120
914.120
914.120
914.120
914.120
914.120
914.120
914.120
914.120
914.120
914.120
914.120
914.120
914.120
914.120
914.120
914.120
914.120
914.120
914.120
914.120
914.120
914.120
914.120
914.120
914.120
914.120
914.120
914.120
914.120
914.120
914.120
914.120
914.120
914.120
914.120
914.120
914.120
914.120
914.120
914.120
914.120
