1278.005
1278.005
1275.493
1275.493
1275.493
1274.200
1273.009
1273.009
1269.095
1269.095
1265.423
1265.423
1265.423
1262.152
1262.152
1260.885
1260.885
1260.885
1260.562
1259.464
1257.839
1257.093
1257.093
1257.093
1257.093
1257.093
1257.093
1257.093
1257.093
1257.093
1257.093
1257.093
1257.093
1257.093
1257.093
1257.093
1257.093
1257.093
1257.093
1257.093
1257.093
1257.093
1257.093
1257.093
1257.093
1257.093
1257.093
1257.093
1257.093
1257.093
1257.093
1433.058
1433.058
1433.058
1433.058
1433.058
1437.774
1437.774
1437.774
1437.774
1434.871
1434.871
1434.871
1434.871
1434.871
1435.495
1435.495
1435.495
1435.495
1435.495
1435.495
1435.495
1435.495
1435.495
1435.495
1435.495
1435.495
1435.495
1435.495
1435.495
1435.495
1435.495
1435.495
1435.495
1435.495
1435.495
1435.495
1435.495
1435.495
1435.495
1435.495
1435.495
1434.810
1434.810
1434.810
1434.810
1434.810
1434.810
1434.810
1434.810
1434.810
1434.810
1448.947
1440.106
1440.106
1440.106
1440.106
1440.106
1440.106
1440.106
1440.106
1440.106
1440.106
1440.106
1449.532
1449.532
1461.195
1461.195
1461.195
1460.523
1455.113
1455.113
1455.113
1470.815
1470.815
1470.815
1468.934
1468.934
1468.934
1468.934
1468.154
1468.154
1468.154
1468.154
1468.154
1468.154
1468.154
1468.154
1468.154
1468.154
1468.154
1468.154
1468.154
1467.896
1467.896
1458.468
1452.805
1452.805
1452.805
1452.805
1307.480
1307.480
1307.480
1307.480
1307.480
1307.480
1307.480
1307.480
1307.480
1307.480
1307.480
1307.480
1307.480
1307.480
1307.480
1307.480
1307.480
1307.480
1307.480
1307.480
1307.480
1307.480
1307.480
1307.480
1307.480
1307.480
1307.480
1307.480
1307.480
1307.480
1307.480
1307.480
1307.480
1307.480
1307.480
1307.480
1307.480
1307.480
1307.480
1307.480
1307.480
1307.480
1307.480
1307.480
1307.480
1307.480
1307.480
1307.480
1307.480
1307.480
1307.480
1307.480
1307.480
1307.480
1307.480
1307.480
1307.480
1307.480
1307.480
1307.480
1307.480
1307.480
1307.480
1307.480
1307.480
1307.480
1307.480
1307.480
1307.480
1307.480
1307.480
1307.480
1307.480
1307.480
1307.480
1307.480
1307.480
1307.480
1307.480
1307.480
1307.480
1307.480
1307.480
1307.480
1307.480
1307.480
1307.480
1307.480
1307.480
1307.480
1307.480
1307.480
1307.480
1307.480
1307.480
1307.480
1307.480
1307.480
1307.480
1307.480
1307.480
1307.480
1307.480
1307.480
1307.480
1307.480
1307.480
1307.480
1307.480
1307.480
1307.480
1307.480
1307.480
1307.480
1307.480
1307.480
1307.480
1307.480
1307.480
1307.480
1307.480
1307.480
1307.480
1307.480
1307.480
