1262.708
1262.708
1248.499
1248.499
1248.499
1246.475
1246.475
1226.756
1226.756
1219.648
1215.573
1215.573
1210.537
1210.537
1210.537
1127.560
1111.527
1111.527
1102.705
1102.705
1102.705
1098.201
1093.106
1091.432
1090.390
1089.640
1089.640
1089.640
1087.348
1087.348
1087.216
1087.216
1087.216
1087.216
1087.216
1086.706
1086.706
1086.706
1086.706
1086.365
1086.365
1086.365
1086.365
1086.365
1086.365
1086.365
1086.365
1086.365
1086.365
1086.365
1086.365
1086.365
1086.365
1086.365
1086.365
1086.365
1086.365
1086.365
1086.365
1086.365
1086.365
1086.365
1086.365
1086.365
1086.365
1086.365
1086.365
1086.365
1085.819
1083.483
1083.483
1083.483
1083.483
1083.483
1083.483
1083.483
1083.483
1083.483
1083.483
1083.483
1083.483
1083.483
1083.483
1083.483
1083.483
1083.483
1083.483
1083.483
1083.483
1083.483
1083.483
1083.483
1083.483
1083.483
1083.483
1083.483
1083.483
1083.483
1083.483
1083.483
1083.483
1083.483
1083.483
1083.483
1083.483
1083.483
1083.483
1074.079
1074.079
1074.079
1074.079
1074.079
1074.079
1074.079
1074.079
1074.079
1074.079
1074.079
1074.079
1074.079
1074.079
1074.079
1074.079
1074.079
1074.079
1074.079
1074.079
1074.079
1074.079
1074.079
1074.079
1074.079
1074.079
1074.079
1074.079
1074.079
1074.079
1072.488
1072.488
1072.488
1072.488
1072.488
1072.488
1072.488
1072.488
1072.488
1071.873
1071.873
1071.873
1071.873
1071.873
1071.873
1071.873
1071.873
1071.873
1071.873
1071.873
1071.873
1071.873
1071.873
1071.873
1071.873
1071.873
1071.873
1071.873
1071.873
1071.873
1071.873
1071.873
1071.873
1071.873
1071.873
1071.873
1071.873
1071.873
1071.873
1071.873
1071.873
1071.873
1071.873
1071.873
1071.873
1071.873
1071.873
1071.873
1071.873
1071.873
1071.873
1071.873
1071.873
1071.873
1071.873
1071.873
1071.873
1071.873
1071.873
1071.873
1071.873
1071.873
1071.873
1071.873
1071.873
1071.873
1071.873
1071.873
1071.873
1071.873
1071.873
1071.873
1071.873
1071.873
1071.873
1071.873
1071.873
1071.873
1071.873
1058.726
1058.726
1058.726
1058.726
1058.726
1058.726
1058.726
1058.726
1058.726
1058.726
1058.726
1058.726
1058.726
1058.726
1058.726
1058.726
1058.726
1058.726
1058.726
1058.726
1058.726
1058.726
1058.726
1058.726
1058.726
1058.726
1058.726
1058.726
1058.726
1058.726
1058.726
1058.726
1058.726
1058.726
1058.726
1058.726
1058.726
1058.726
1058.726
1058.726
1058.726
1058.726
1058.726
1058.726
1058.726
1058.726
1058.726
1058.726
1058.726
1058.726
1058.726
1058.726
1058.726
1058.726
1058.726
1058.726
1058.726
1058.726
1058.726
1058.726
1058.726
1058.726
1058.726
1058.726
1058.726
1058.726
1058.726
1058.726
1058.726
1058.726
1058.726
1058.726
1058.726
1058.726
1058.726
1058.726
