1306.049
1282.885
1282.885
1282.885
1282.885
1282.885
1281.337
1281.337
1281.337
1280.810
1280.786
1280.786
1280.757
1280.757
1280.757
1280.757
1277.855
1277.855
1277.429
1277.429
1277.429
1277.429
1275.471
1275.471
1275.471
1275.076
1275.076
1274.774
1274.300
1274.300
1273.377
1272.929
1272.929
1272.929
1272.006
1272.006
1271.939
1271.939
1271.939
1271.016
1271.016
1268.051
1268.051
1268.051
1268.051
1268.051
1268.051
1268.051
1268.051
1268.051
1260.090
1260.090
1260.090
1260.090
1260.090
1260.090
1260.090
1260.090
1260.090
1260.090
1260.090
1260.090
1260.090
1260.090
1260.090
1260.090
1260.090
1260.090
1260.090
1260.090
1260.090
1260.090
1260.090
1260.090
1260.090
1260.090
1260.090
1260.090
1260.090
1260.090
1260.090
1260.090
1260.090
1260.090
1260.090
1256.887
1256.887
1256.887
1256.887
1256.887
1256.887
1256.887
1256.887
1256.887
1256.887
1256.887
1256.887
1256.887
1256.887
1256.887
1256.887
1256.887
1256.887
1256.887
1256.887
1256.887
1256.887
1256.887
1256.887
1256.887
1256.887
1256.887
1256.887
1256.887
1256.887
1256.887
1256.887
1256.887
1256.887
1256.887
1256.887
1256.887
1256.887
1256.887
1256.887
1256.887
1256.887
1256.887
1256.887
1256.887
1256.887
1256.887
1256.887
1256.887
1256.887
1256.887
1256.887
1256.887
1256.887
1256.887
1256.887
1256.887
1256.887
1256.887
1256.887
1256.887
1256.887
1256.887
1256.887
1256.887
1256.887
1256.887
1256.887
1256.887
1256.887
1256.887
1256.887
1256.887
1256.887
1256.887
1256.887
1256.887
1256.887
1256.887
1256.887
1256.887
1256.887
1256.887
1256.887
1256.887
1256.887
1256.887
1256.887
1256.887
1256.887
1256.887
1256.887
1256.887
1256.887
1256.887
1256.887
1256.887
1256.887
1256.887
1256.887
1256.887
1256.887
1256.887
1256.887
1256.887
1256.887
1256.887
1256.887
1256.887
1256.887
1256.887
1256.887
1256.887
1256.887
1256.887
1256.887
1256.887
1256.887
1256.887
1256.887
1256.887
1256.887
1256.887
1256.887
1256.887
1256.887
1256.887
1256.887
1256.887
1256.887
1256.887
1256.887
1256.887
1256.887
1256.887
1256.887
1256.887
1256.887
1256.887
1256.887
1256.887
1256.887
1256.887
1256.887
1256.887
1256.887
1256.887
1256.887
1256.887
1256.887
1256.887
1256.887
1256.887
1256.887
1256.887
1256.887
1256.887
1256.887
1256.887
1256.887
1256.887
1256.887
1256.887
1256.887
1256.887
1256.887
1256.887
1256.887
1256.887
1256.887
1256.887
1256.887
1256.887
1256.887
1256.887
1256.887
1256.887
1256.887
1256.887
1256.887
1256.887
1256.887
1256.887
1256.887
1256.887
1256.887
1255.985
1255.985
1255.985
1255.985
1255.985
1255.985
1255.985
1255.985
1255.985
1255.985
1255.985
1255.985
1255.985
1255.985
1255.985
1255.985
1255.985
1255.985
1255.985
1255.985
1255.985
