657.292
641.233
637.757
631.056
631.056
631.056
631.056
631.056
631.056
631.056
631.056
631.056
631.056
631.056
631.056
631.056
631.056
631.056
631.056
631.056
631.056
631.056
630.369
630.369
630.369
630.369
629.593
629.593
629.593
629.593
629.593
629.593
629.593
629.593
629.593
629.593
629.593
629.593
629.593
629.593
629.593
629.593
629.593
629.593
629.593
629.593
629.593
629.593
629.593
629.593
629.593
629.593
629.593
629.593
629.593
629.593
629.593
629.593
629.593
629.593
629.593
629.593
629.593
629.593
629.593
629.593
629.593
629.593
629.593
629.593
629.593
629.593
629.593
629.593
629.593
629.593
629.593
629.593
629.593
629.593
629.593
629.593
629.593
627.989
627.989
622.800
622.800
622.800
622.800
622.800
622.800
622.800
618.364
618.364
618.364
618.364
618.230
618.230
618.230
618.230
618.230
618.230
618.230
618.230
618.230
618.230
618.230
618.230
618.230
618.230
618.230
618.230
618.230
618.230
618.230
618.230
618.230
618.230
618.230
618.230
618.230
618.230
618.230
618.230
618.230
618.230
618.230
618.230
618.230
618.230
618.230
618.230
618.230
618.230
618.230
618.230
615.993
615.993
615.993
615.993
615.993
611.360
611.360
611.360
611.360
611.360
611.360
611.360
611.360
611.360
611.360
611.360
611.360
611.360
611.360
611.360
610.709
610.709
610.709
610.709
610.709
607.271
607.271
607.271
607.271
607.271
607.271
607.271
607.271
607.271
607.271
607.271
607.271
607.271
607.271
607.271
607.271
607.271
607.271
607.271
607.271
607.271
607.271
607.271
607.271
607.271
607.271
607.271
607.271
607.271
607.271
607.271
607.271
607.271
607.271
607.271
607.271
607.271
607.271
607.271
607.271
607.271
607.271
607.271
607.271
607.271
607.271
607.271
607.271
607.271
607.271
607.271
607.271
607.271
607.271
607.271
607.271
607.271
607.271
607.271
607.271
607.271
607.271
607.271
607.271
605.822
605.822
605.822
605.822
605.822
605.822
605.822
605.822
605.822
605.822
605.822
605.822
605.822
605.822
605.822
605.822
605.822
605.822
605.822
605.822
605.822
605.822
605.822
605.822
605.822
605.822
605.822
605.822
605.822
605.822
605.822
605.822
605.822
605.822
605.822
605.822
605.822
605.822
605.822
605.822
605.822
605.822
605.822
605.822
605.822
605.822
605.822
605.822
605.822
605.822
605.822
605.822
605.822
605.822
605.822
605.822
605.822
605.822
605.822
605.822
605.822
605.822
605.822
605.822
605.822
605.822
605.822
605.822
605.822
605.822
605.822
605.822
605.822
605.822
605.822
605.822
605.822
605.822
605.822
605.822
605.822
605.822
605.822
605.822
605.822
605.822
605.822
605.822
605.822
605.822
605.822
605.822
605.822
605.822
605.822
605.822
605.822
605.822
605.822
605.822
605.822
605.822
605.822
605.822
605.822
605.822
605.822
605.822
605.822
602.837
602.837
602.837
602.837
602.837
602.837
602.837
602.837
602.837
602.837
602.837
602.837
602.837
602.837
602.837
602.837
602.837
602.837
602.837
602.837
602.837
602.837
602.837
602.837
602.837
602.837
602.837
602.837
602.837
602.837
602.837
602.837
602.837
602.837
602.837
602.837
602.837
602.837
602.837
602.837
602.837
602.837
602.837
602.837
602.837
602.837
602.837
602.837
602.837
602.837
602.837
602.837
602.837
602.837
602.837
602.837
602.837
602.837
602.837
602.837
602.837
602.837
602.837
602.837
602.837
602.837
602.837
602.837
602.837
602.837
602.837
602.837
602.837
602.837
602.837
602.837
602.837
602.837
602.837
602.837
600.511
600.511
600.511
600.511
600.511
600.511
600.511
600.511
600.511
600.511
600.511
600.511
600.511
600.511
600.511
600.511
600.511
600.511
600.511
600.511
600.511
600.511
600.511
600.511
600.511
600.511
600.511
600.511
600.511
600.511
600.511
600.511
600.511
600.511
600.511
600.511
600.511
600.511
600.511
600.511
600.511
600.511
600.511
600.511
600.511
600.511
600.511
600.511
600.511
600.511
600.511
600.511
600.511
600.511
600.511
600.511
600.511
600.511
600.511
600.511
600.511
600.511
600.511
600.511
600.511
600.511
600.511
600.511
600.511
600.511
600.511
600.511
600.511
600.511
600.511
600.511
600.511
600.511
600.511
600.511
600.511
600.511
600.511
600.511
600.511
600.511
600.511
600.511
600.511
600.511
600.511
600.511
600.511
600.511
600.511
600.511
600.511
600.511
600.511
600.511
600.511
600.511
600.511
600.511
600.511
600.511
600.511
600.511
600.511
600.511
600.511
600.511
600.511
600.511
600.511
600.511
600.511
600.511
600.511
600.511
600.511
600.511
600.511
600.511
600.511
600.511
600.511
600.511
600.511
600.511
600.511
600.511
600.511
600.511
600.511
600.511
600.511
600.511
600.511
600.511
600.511
600.511
600.511
600.511
600.511
600.511
600.511
600.511
600.511
600.511
600.511
600.511
600.511
600.511
600.511
600.511
600.511
600.511
600.511
600.511
600.511
600.511
600.511
600.511
600.511
600.511
600.511
600.511
600.511
600.511
