1321.431
1318.649
1318.573
1318.573
1311.198
1311.198
1311.198
1284.191
1280.881
1280.864
1280.864
1280.864
1280.083
1279.948
1279.948
1279.948
1277.773
1277.773
1277.153
1277.153
1277.153
1277.153
1277.153
1277.153
1277.153
1277.153
1277.153
1277.153
1277.153
1277.153
1277.153
1277.153
1277.153
1277.153
1277.153
1277.153
1277.153
1277.153
1277.153
1277.153
1277.153
1277.153
1277.153
1277.153
1277.153
1277.153
1277.153
1277.153
1277.153
1277.153
1277.153
1277.153
1277.153
1277.153
1277.153
1277.115
1277.115
1277.115
1277.115
1277.115
1277.115
1277.115
1277.115
1277.115
1277.115
1277.115
1277.115
1274.892
1274.892
1274.892
1274.892
1274.892
1274.892
1274.892
1274.892
1274.892
1274.892
1274.892
1274.892
1274.892
1274.892
1274.892
1274.892
1274.892
1274.892
1274.892
1274.892
1274.892
1274.892
1274.892
1274.892
1274.892
1274.892
1274.892
1274.892
1274.892
1274.892
1274.892
1274.892
1274.892
1274.892
1274.892
1274.892
1274.892
1274.892
1274.892
1274.892
1274.892
1274.892
1274.892
1274.892
1274.892
1274.892
1274.892
1274.892
1274.892
1272.417
1272.417
1271.343
1271.343
1271.343
1271.343
1271.343
1271.343
1271.343
1271.343
1271.343
1271.343
1271.343
1271.343
1271.343
1271.343
1268.997
1268.997
1268.997
1268.997
1266.005
1266.005
1266.005
1266.005
1266.005
1266.005
1266.005
1266.005
1266.005
1266.005
1266.005
1266.005
1266.005
1266.005
1266.005
1266.005
1266.005
1266.005
1266.005
1266.005
1266.005
1266.005
1266.005
1266.005
1266.005
1266.005
1261.841
1261.841
1261.841
1261.841
1261.841
1261.841
1261.841
1261.841
1261.841
1261.841
1261.841
1261.230
1261.230
1261.230
1261.230
1261.230
1261.230
1261.230
1261.230
1261.230
1261.230
1261.230
1261.230
1261.230
1261.230
1261.230
1261.230
1261.230
1261.230
1261.230
1261.230
1261.230
1261.230
1261.230
1261.230
1261.230
1261.230
1261.230
1261.230
1261.230
1261.230
1261.230
1261.230
1261.230
1261.230
1261.230
1261.230
1261.230
1261.230
1261.230
1261.230
1261.230
1261.230
1261.230
1261.230
1261.230
1261.230
1261.230
1261.230
1261.230
1261.230
1261.230
1261.230
1261.230
1261.230
1261.230
1261.230
1261.230
1261.230
1261.230
1261.230
1261.230
1261.230
1261.230
1261.230
1261.230
1261.230
1261.230
1261.230
1261.230
1261.230
1261.230
1261.230
1261.230
1261.230
1261.230
1261.230
1261.230
1261.230
1261.230
1261.230
1261.230
1261.230
1261.230
1261.230
1261.230
1261.230
1261.230
1261.230
1261.230
1261.230
1261.230
1261.230
1261.230
1261.230
1261.230
1261.230
1261.230
1261.230
1261.230
1261.230
1261.230
1261.230
1261.230
1261.230
1261.230
1261.230
1261.230
1261.230
1261.230
1261.230
1261.230
1261.230
1261.230
1261.230
1261.230
1261.230
1261.230
1261.230
1261.230
