1290.222
1290.222
1284.222
1284.222
1284.222
1280.134
1280.134
1280.134
1275.590
1275.590
1273.083
1273.083
1270.678
1270.678
1270.678
1270.678
1270.138
1267.310
1266.666
1266.666
1266.666
1266.666
1266.410
1266.410
1266.410
1266.410
1266.410
1266.288
1265.865
1265.865
1265.865
1265.865
1265.865
1265.865
1265.865
1265.865
1265.865
1265.865
1265.865
1265.865
1265.865
1265.865
1265.865
1265.865
1265.865
1265.865
1265.865
1265.865
1265.865
1265.865
1265.865
1265.865
1265.865
1265.865
1264.697
1264.697
1264.697
1264.697
1264.697
1264.697
1257.191
1257.191
1257.191
1257.191
1257.191
1257.191
1257.191
1257.191
1257.191
1257.191
1257.191
1257.191
1257.191
1257.191
1257.191
1257.191
1257.191
1257.191
1257.191
1257.191
1257.191
1257.191
1257.191
1257.191
1257.191
1257.191
1257.191
1257.191
1257.191
1257.191
1257.191
1257.191
1257.191
1257.191
1257.191
1257.191
1257.191
1257.191
1257.191
1257.191
1257.191
1257.191
1257.191
1257.191
1257.191
1257.191
1257.191
1257.191
1257.191
1257.191
1257.191
1257.191
1257.191
1257.191
1257.191
1257.191
1257.191
1257.191
1257.191
1257.191
1257.191
1257.191
1257.191
1257.191
1257.191
1257.191
1257.191
1257.191
1257.191
1257.191
1257.191
1257.191
1257.191
1257.191
1255.760
1255.760
1255.760
1255.760
1255.760
1255.760
1255.760
1255.760
1255.760
1255.760
1255.760
1255.760
1255.760
1255.760
1255.760
1255.760
1255.760
1255.760
1255.760
1255.760
1255.760
1255.760
1255.760
1255.760
1255.760
1255.574
1255.574
1255.574
1255.574
1255.574
1255.574
1255.574
1255.574
1255.574
1255.574
1255.574
1255.574
1255.574
1255.574
1255.574
1255.574
1255.574
1255.574
1255.574
1255.574
1255.574
1255.574
1255.574
1255.574
1255.574
1255.574
1255.574
1255.574
1255.574
1255.574
1255.574
1255.574
1255.574
1255.574
1255.574
1255.574
1255.574
1255.574
1255.574
1255.574
1255.574
1255.574
1255.574
1255.574
1255.574
1255.574
1255.574
1255.574
1255.574
1255.574
1255.574
1255.574
1255.574
1255.574
1255.574
1255.574
1255.574
1255.574
1255.574
1255.574
1255.574
1255.574
1255.574
1253.674
1253.674
1253.674
1253.674
1253.674
1253.674
1253.674
1253.674
1253.674
1253.674
1253.674
1253.674
1253.674
1253.674
1253.674
1253.674
1253.674
1253.674
1253.674
1253.674
1253.674
1253.674
1253.674
1253.674
1253.674
1253.674
1253.674
1253.674
1253.674
1253.674
1253.674
1253.674
1253.674
1253.674
1253.674
1253.674
1253.674
1253.674
1253.674
1253.674
1253.674
1253.674
1253.674
1253.674
1253.674
1253.674
1253.674
1253.674
1253.674
1253.674
1253.674
1253.674
1253.674
1253.674
1253.674
1253.674
1253.674
1253.674
1253.674
1253.674
1253.674
1253.674
1253.674
1253.674
1253.674
1253.674
1253.674
1253.674
1253.674
1253.674
