1262.708
1239.367
1239.367
1253.623
1253.623
1253.623
1244.330
1244.330
1244.330
1244.330
1244.330
1244.330
1259.616
1259.616
1259.616
1371.847
1371.847
1266.334
1266.334
1266.334
1266.334
1261.849
1261.849
1261.849
1261.849
1261.849
1268.477
1268.477
1268.477
1245.702
1245.702
1245.702
1245.702
1245.702
1245.702
1245.702
1245.702
1245.702
1245.702
1245.702
1245.702
1245.702
1245.702
1245.702
1245.702
1245.702
1245.702
1245.702
1245.702
1245.702
1245.702
1245.702
1245.702
1245.702
1245.702
1245.702
1245.702
1107.268
1107.268
1107.268
1107.268
1107.268
1107.268
1107.268
1107.268
1107.268
1107.268
1107.268
1107.268
1107.268
1107.268
1107.268
1107.268
1107.268
1107.268
1107.268
1107.268
1107.268
1107.268
1107.268
1107.268
1107.268
1107.268
1107.268
1107.268
1107.268
1107.268
1107.268
1107.268
1107.268
1107.268
1107.268
1107.268
1107.268
1107.268
1107.268
1107.268
1107.268
1107.268
1107.268
1107.268
1107.268
1107.268
1107.268
1107.268
1107.268
1107.268
1107.268
1107.268
1107.268
1107.268
1107.268
1107.268
1107.268
1107.268
1107.268
1107.268
1107.268
1107.268
1107.268
1107.268
1107.268
1107.268
1107.268
1107.268
1107.268
1107.268
1107.268
1107.268
1107.268
1107.268
1107.268
1107.268
1107.268
1107.268
1107.268
1107.268
1107.268
1107.268
1107.268
1107.268
1107.268
1107.268
1107.268
1107.268
1107.268
1107.268
1107.268
1107.268
1107.268
1107.268
1107.268
1107.268
1107.268
1107.268
1107.268
1107.268
1107.268
1107.268
1107.268
1107.268
1107.268
1107.268
1107.268
1107.268
1107.268
1107.268
1107.268
1107.268
1107.268
1107.268
1107.268
1107.268
1107.268
1107.268
1107.268
1107.268
1107.268
1107.268
1107.268
1107.268
1107.268
1107.268
1107.268
1107.268
1107.268
1107.268
1107.268
1107.268
1107.268
1107.268
1107.268
1107.268
1107.268
1107.268
1107.268
1107.268
1107.268
1107.268
1107.268
1107.268
1107.268
1107.268
1107.268
1107.268
1107.268
1107.268
1107.268
1107.268
1107.268
1107.268
1107.268
1107.268
1107.268
1107.268
1107.268
1107.268
1107.268
1107.268
1107.268
1107.268
1107.268
1107.268
1107.268
1107.268
1107.268
1107.268
1107.268
1107.268
1107.268
1107.268
1107.268
1107.268
1107.268
1107.268
1107.268
1107.268
1107.268
1107.268
1107.268
1107.268
1107.268
1107.268
1107.268
1107.268
1107.268
1107.268
1107.268
1107.268
1107.268
1107.268
1107.268
1107.268
1107.268
1107.268
1107.268
1107.268
1107.268
1107.268
1107.268
1107.268
1107.268
1107.268
1107.268
1107.268
1107.268
1107.268
1107.268
1107.268
1107.268
1107.268
1107.268
1107.268
1107.268
1107.268
1107.268
1107.268
1107.268
1107.268
1107.268
1107.268
1107.268
1107.268
1107.268
1107.268
1107.268
1107.268
1107.268
1107.268
1107.268
1107.268
1107.268
1107.268
1107.268
1107.268
1107.268
1107.268
1107.268
1107.268
1107.268
1107.268
1107.268
1107.268
1107.268
1107.268
1107.268
1107.268
1107.268
1107.268
1107.268
1107.268
1107.268
1107.268
1107.268
1107.268
1107.268
1107.268
1107.268
1107.268
1107.268
1107.268
1107.268
1107.268
1107.268
1107.268
1107.268
1107.268
1107.268
1107.268
1107.268
1107.268
1107.268
1107.268
1107.268
1107.268
1107.268
1107.268
1107.268
1107.268
1107.268
1107.268
1107.268
1107.268
1107.268
1107.268
1107.268
1107.268
1107.268
1107.268
1107.268
1107.268
1107.268
1107.268
1107.268
1107.268
1107.268
1107.268
1107.268
1107.268
1107.268
1107.268
1107.268
1107.268
1107.268
1107.268
1107.268
1107.268
1107.268
1107.268
1107.268
1107.268
1107.268
1107.268
1107.268
1107.268
1107.268
1107.268
1107.268
1107.268
1107.268
1107.268
1107.268
1107.268
1107.268
1107.268
1107.268
1107.268
1107.268
1107.268
1107.268
1107.268
1107.268
1107.268
1107.268
1107.268
1107.268
1107.268
1107.268
1107.268
1107.268
1107.268
1107.268
1107.268
1107.268
1107.268
1107.268
1107.268
1107.268
1107.268
1107.268
1107.268
1107.268
1107.268
1107.268
1107.268
1107.268
1107.268
1107.268
1107.268
1107.268
1107.268
1107.268
1107.268
1107.268
1107.268
1107.268
1107.268
1107.268
1107.268
1107.268
1107.268
1107.268
1107.268
1107.268
1107.268
1107.268
1107.268
1107.268
1107.268
1107.268
1107.268
1107.268
1107.268
1107.268
1107.268
1107.268
1107.268
1107.268
1107.268
1107.268
1107.268
1107.268
1107.268
1107.268
1107.268
1107.268
1107.268
1107.268
1107.268
1107.268
1107.268
1107.268
1107.268
1107.268
1107.268
1107.268
1107.268
1107.268
1107.268
1107.268
1107.268
1107.268
1107.268
1107.268
1107.268
1107.268
1107.268
1107.268
1107.268
1107.268
1107.268
1107.268
1107.268
1107.268
1107.268
1107.268
1107.268
1107.268
1107.268
1107.268
1107.268
1107.268
1107.268
1107.268
1107.268
1107.268
1107.268
1107.268
1107.268
1107.268
