195.671
195.671
195.671
189.741
189.741
189.741
189.741
189.741
189.741
189.741
189.741
189.741
189.741
189.741
189.741
189.741
189.741
189.407
189.407
189.407
189.407
189.407
189.407
189.407
189.407
189.407
189.407
189.407
189.407
189.407
186.539
186.539
186.539
193.592
193.592
193.592
193.592
193.592
193.592
193.049
193.049
193.049
193.049
193.049
193.049
193.049
193.049
193.049
193.049
193.049
203.011
203.011
203.011
186.635
186.635
186.635
186.635
188.043
188.043
188.043
188.043
188.043
188.043
188.043
192.616
192.616
192.616
192.616
192.616
192.616
192.616
192.616
213.947
193.557
193.557
193.557
193.557
193.557
193.557
193.557
211.424
213.954
213.954
211.451
208.628
208.628
208.628
208.628
208.628
208.628
208.628
208.628
208.628
199.086
199.086
199.086
199.086
190.244
190.244
190.244
190.244
190.244
190.244
190.244
190.244
190.244
190.244
192.974
192.974
211.933
211.933
198.946
198.946
194.700
194.700
194.700
194.700
194.700
194.700
219.567
219.567
219.567
219.567
192.941
192.941
192.941
192.941
192.941
192.941
192.941
192.941
192.941
192.941
192.941
192.941
192.941
192.941
192.941
192.941
192.941
192.941
192.941
192.941
192.941
192.941
192.941
192.941
192.941
205.947
197.300
197.300
188.704
193.620
193.620
193.620
193.620
193.620
193.620
193.620
193.620
193.620
193.620
193.620
193.620
193.620
193.620
193.620
193.620
193.620
186.123
186.123
186.123
186.123
186.123
186.123
186.123
186.123
186.123
186.123
186.123
186.123
186.123
186.123
186.123
186.123
186.123
186.123
186.123
186.123
186.123
186.123
186.123
186.123
186.123
186.123
186.123
186.123
186.123
186.123
186.123
186.123
191.468
191.468
191.468
191.468
191.468
191.468
191.468
191.468
186.096
186.096
186.096
186.096
186.096
186.096
186.096
186.096
186.096
186.096
186.096
186.096
186.096
186.096
186.096
186.096
186.096
186.096
186.096
186.096
186.096
186.096
186.096
186.096
186.096
186.096
186.096
186.096
186.096
186.096
186.096
186.096
186.096
186.096
186.096
186.096
186.096
186.096
186.096
186.096
186.096
186.096
186.096
186.096
186.096
186.096
186.096
206.482
206.482
206.482
206.482
206.482
206.482
206.482
206.482
206.482
206.482
206.482
206.482
207.800
188.420
188.420
188.420
188.420
188.420
188.420
188.420
188.420
188.420
188.420
188.420
188.420
188.420
188.420
188.420
188.420
188.420
188.420
188.420
188.420
188.420
188.420
188.420
188.420
188.420
188.420
188.420
188.420
188.420
188.420
188.420
188.420
188.420
188.420
188.420
188.420
188.420
188.420
188.420
188.420
188.420
188.420
188.420
188.420
188.420
188.420
188.420
188.420
188.420
188.420
188.420
188.420
188.420
188.420
188.420
188.420
188.420
188.420
188.420
188.420
188.420
188.420
188.420
188.420
188.420
188.420
188.420
188.420
188.420
188.420
188.420
188.420
188.420
188.420
187.383
194.456
194.456
194.456
198.270
198.270
198.270
198.116
198.116
198.116
198.116
198.116
198.116
198.116
198.116
198.116
198.116
198.116
198.116
202.988
198.712
198.712
198.712
198.712
198.712
198.712
198.712
198.712
198.712
198.712
198.712
198.712
198.712
198.712
200.363
200.363
200.363
194.273
194.273
194.273
194.273
194.273
194.273
194.273
194.273
194.273
194.273
194.743
194.743
194.743
194.743
194.743
194.743
194.570
194.570
194.570
186.320
186.320
186.320
186.320
186.320
186.320
186.320
186.320
186.320
186.320
186.320
186.320
186.320
186.320
186.320
186.320
186.320
186.320
186.320
186.320
186.320
186.320
186.320
186.320
186.320
186.320
186.320
186.320
186.320
186.320
186.320
186.320
186.320
186.320
187.797
191.526
191.526
191.526
191.526
191.526
191.526
191.526
191.526
191.526
191.526
191.526
191.526
191.526
191.526
188.825
188.825
188.825
188.825
188.825
188.825
188.825
188.825
188.825
188.825
188.825
188.825
188.825
188.825
188.825
188.825
188.825
188.825
188.825
190.230
190.230
190.230
190.230
190.230
190.230
190.230
190.230
190.230
190.230
190.230
190.230
190.230
190.230
190.230
190.230
190.230
190.230
190.230
190.230
190.230
190.230
190.230
190.230
190.230
190.230
190.230
190.230
190.230
190.230
190.230
190.230
190.230
190.230
190.230
193.739
193.739
193.739
193.739
193.739
193.739
193.739
193.739
193.739
193.739
193.739
193.739
193.739
193.739
193.739
193.739
193.739
193.739
193.739
193.739
193.739
193.739
193.739
193.739
193.739
193.739
193.739
193.739
193.739
193.739
193.739
193.739
193.739
193.739
193.739
193.739
193.739
193.739
193.739
193.739
193.739
193.739
193.739
193.739
193.739
193.739
193.739
193.739
193.739
193.739
193.739
193.739
193.739
187.105
187.105
187.105
187.105
187.105
187.105
187.105
187.105
187.105
187.105
187.105
187.105
187.105
187.105
187.105
187.105
187.082
189.100
189.100
189.100
189.100
189.100
189.100
189.100
189.100
189.100
189.100
188.915
190.967
190.967
190.732
190.732
190.732
198.957
198.957
198.957
198.957
198.957
198.957
198.957
198.957
198.957
193.954
193.954
193.954
193.954
188.400
188.400
188.400
188.400
188.400
188.400
188.400
188.400
188.400
188.400
188.400
188.400
188.400
188.400
188.400
188.400
188.400
188.400
188.400
188.400
188.400
188.400
188.400
188.400
188.400
188.400
188.400
188.400
188.400
188.400
185.775
185.775
185.775
185.775
185.775
185.775
185.775
185.775
185.775
185.775
185.775
185.775
185.775
185.775
185.775
185.775
185.775
183.121
183.121
183.121
183.121
183.121
183.121
183.121
183.121
183.121
183.121
183.121
183.121
183.121
183.121
183.121
183.121
183.121
183.121
183.121
183.121
183.121
183.121
183.121
183.121
183.121
183.121
183.121
183.121
183.121
183.121
183.121
183.121
183.121
183.121
183.121
183.121
183.121
183.121
183.121
183.121
183.121
183.121
183.121
183.121
183.121
183.121
183.121
183.121
183.121
183.121
183.121
183.121
183.121
183.121
183.121
183.121
183.121
183.121
183.121
183.121
183.121
183.121
183.121
183.121
183.121
183.121
183.121
183.121
183.121
183.121
183.121
183.121
183.121
182.026
182.026
182.026
182.026
182.026
182.026
182.026
182.026
182.026
182.026
182.026
182.026
182.026
182.026
182.026
182.026
182.026
182.026
182.026
182.026
182.026
182.026
182.026
182.026
182.026
182.026
182.026
182.026
182.026
182.026
182.026
182.026
182.026
182.026
182.026
182.026
182.026
182.026
182.026
182.026
182.026
182.026
182.026
182.026
182.026
182.026
182.026
182.026
182.026
182.026
182.026
182.026
182.026
182.026
182.026
182.026
182.026
177.899
177.899
177.899
177.899
177.899
177.899
177.899
177.899
177.899
177.899
177.899
177.899
177.899
177.899
177.899
177.899
177.899
177.899
177.899
177.899
177.899
177.899
177.899
177.899
177.899
185.838
185.838
185.838
185.838
185.838
185.838
185.838
185.838
185.838
185.838
185.838
185.380
185.380
185.380
189.082
189.082
189.082
189.082
189.082
189.082
189.082
189.082
189.082
181.761
181.761
181.761
181.761
181.761
181.761
181.761
181.761
181.761
181.761
181.761
181.761
181.761
181.761
181.761
181.761
181.761
181.761
181.761
181.761
181.761
181.761
181.761
181.761
181.761
181.761
181.761
181.761
181.761
181.761
181.761
181.761
181.761
181.761
181.761
181.761
181.761
181.761
181.761
181.761
181.761
181.761
181.761
181.761
181.761
181.761
181.761
181.761
181.761
181.761
181.761
181.761
181.761
181.761
181.761
181.761
181.761
181.761
181.761
181.761
181.761
181.761
181.761
181.761
181.761
181.761
181.761
181.761
181.761
181.761
181.761
181.761
181.761
181.761
181.761
181.761
181.761
181.761
181.761
181.761
181.761
181.761
181.761
181.761
181.761
181.761
181.761
181.761
181.761
181.761
181.761
181.761
181.761
181.761
181.761
181.761
181.761
181.761
181.761
181.761
181.761
181.761
181.761
181.761
181.761
181.761
181.761
181.761
181.761
181.761
181.761
181.761
181.761
181.761
181.761
181.761
181.761
181.761
181.761
181.761
181.761
181.761
181.761
181.761
181.761
181.761
181.761
181.761
181.761
181.761
181.761
181.761
181.761
181.761
181.761
181.761
181.761
181.761
181.761
181.761
181.761
181.761
181.761
181.761
181.761
181.761
181.761
181.761
181.761
181.761
181.761
181.761
181.761
181.761
181.761
181.761
181.761
181.761
181.761
181.761
181.761
181.761
181.761
181.761
181.761
181.761
181.761
181.761
181.761
181.761
181.761
181.761
181.761
181.761
181.761
181.761
181.761
181.761
181.761
181.761
181.761
181.761
181.761
181.761
181.761
181.761
181.761
181.761
181.761
181.761
181.761
181.761
181.761
181.761
181.761
181.761
181.761
181.761
181.761
181.761
181.761
181.761
181.761
181.761
181.761
181.761
181.761
181.761
181.761
181.761
181.761
181.761
181.761
181.761
181.761
181.761
181.761
181.761
181.761
181.761
181.761
181.761
181.761
181.761
181.761
181.761
181.761
181.761
181.761
181.761
181.761
181.761
181.761
181.761
181.761
181.761
181.761
181.761
181.761
181.761
181.761
181.761
181.761
181.761
181.761
181.761
181.761
181.761
181.761
181.761
181.761
181.761
181.761
181.761
181.761
181.761
181.761
181.761
181.761
181.761
181.761
181.761
181.761
181.761
181.761
181.761
181.761
181.761
181.761
181.761
181.761
181.761
181.761
181.761
181.761
181.761
181.761
181.761
181.761
181.761
181.761
181.761
181.761
181.761
181.761
181.761
181.761
181.761
181.761
181.761
181.761
181.761
181.761
181.761
181.761
181.761
181.761
181.761
181.761
181.761
181.761
181.761
181.761
181.761
181.761
181.761
181.761
181.761
181.761
181.761
181.761
181.761
181.761
181.761
181.761
181.761
181.761
181.761
181.761
181.761
181.761
181.761
181.761
181.761
181.761
181.761
181.761
181.761
181.761
181.761
181.761
181.761
181.761
181.761
181.761
181.761
181.761
181.761
181.761
181.761
181.761
181.761
181.761
181.761
181.761
181.761
181.761
181.761
181.761
181.761
181.761
181.761
181.761
181.761
181.761
181.761
181.761
181.761
181.761
181.761
181.761
181.761
181.761
181.761
181.761
181.761
181.761
181.761
181.761
181.761
181.761
181.761
181.761
181.761
181.761
181.761
181.761
181.761
181.761
181.761
181.761
181.761
181.761
181.761
181.761
181.761
181.761
181.761
181.761
181.761
181.278
181.278
181.278
181.278
181.278
181.278
181.278
181.278
181.278
181.278
181.278
181.278
181.278
181.278
181.278
181.278
181.278
181.278
181.278
181.278
181.278
181.278
181.278
181.278
181.278
181.278
181.278
181.278
181.278
181.278
181.278
181.278
181.278
181.278
181.278
181.278
181.278
181.278
181.278
181.278
181.278
181.278
181.278
181.278
181.278
181.278
181.278
181.278
181.278
181.278
181.278
181.278
181.278
181.278
181.278
181.278
181.278
181.278
181.278
181.278
181.278
181.278
181.278
181.278
181.278
181.278
181.278
181.278
181.278
181.278
181.278
181.278
181.278
181.278
181.278
181.278
181.278
181.278
181.278
181.278
181.278
181.278
181.278
181.278
181.278
181.278
181.278
181.278
181.278
181.278
181.278
181.278
181.278
179.499
179.499
179.499
179.499
179.499
179.499
179.499
179.499
179.499
179.499
179.499
179.499
179.499
179.499
179.499
179.499
179.499
179.499
179.499
179.499
179.499
179.499
179.499
179.499
179.499
179.499
179.499
179.499
179.499
179.499
179.499
179.499
179.499
179.499
179.499
179.499
179.499
179.499
179.499
179.499
179.499
179.499
179.499
179.499
179.499
179.499
179.499
179.499
179.499
179.499
179.499
179.499
179.499
179.499
179.499
179.499
179.499
179.499
179.499
179.499
179.499
179.499
179.499
179.499
179.499
179.499
179.499
179.499
179.499
179.499
179.499
179.499
179.499
179.499
179.499
179.499
179.499
179.499
179.499
179.499
179.499
179.499
179.499
179.499
179.499
179.499
179.499
179.499
172.521
172.521
172.521
172.521
172.521
172.521
172.521
172.521
172.521
172.521
172.521
172.521
172.521
172.521
172.521
172.521
172.521
172.521
172.521
172.521
172.521
172.521
172.521
172.521
172.521
172.521
172.521
172.521
172.521
172.521
172.521
172.521
172.521
172.521
172.521
172.521
172.521
172.521
172.521
172.521
172.521
172.521
172.521
172.521
172.521
172.521
172.521
172.521
172.521
172.521
172.521
172.521
172.521
172.521
172.521
172.521
172.521
172.521
172.521
172.521
172.521
172.521
172.521
172.521
172.521
172.521
172.521
172.521
172.521
172.521
172.521
172.521
172.521
172.521
172.521
172.521
172.521
172.521
172.521
172.521
172.521
172.521
172.521
172.521
172.521
172.521
172.521
172.521
172.521
172.521
172.521
172.521
172.521
172.521
172.521
172.521
172.521
172.521
172.521
172.521
172.521
172.521
172.521
172.521
