1321.431
1321.431
1321.431
1321.431
1321.431
1321.431
1321.431
1321.431
1321.431
1321.431
1321.431
1321.431
1321.431
1321.431
1321.431
1321.431
1321.431
1321.431
1321.431
1321.431
1321.431
1321.431
1321.431
1321.431
1286.432
1286.432
1286.432
1286.432
1286.432
1286.432
1286.432
1286.432
1286.432
1286.432
1286.432
1286.432
1286.432
1286.432
1286.432
1286.432
1286.432
1286.432
1286.432
1286.432
1286.432
1286.432
1286.432
1286.432
1286.432
1286.432
1286.432
1286.432
1286.432
1286.432
1286.432
1286.432
1286.432
1286.432
1286.432
1286.432
1286.432
1286.432
1286.432
1286.432
1286.432
1286.432
1286.432
1286.432
1286.432
1286.432
1286.432
1286.432
1286.432
1286.432
1286.432
1286.432
1286.432
1286.432
1286.432
1286.432
1286.432
1286.432
1286.432
1286.432
1286.432
1286.432
1286.432
1286.432
1286.432
1286.432
1286.432
1286.432
1469.301
1455.083
1455.083
1455.083
1455.083
1455.083
1467.700
1463.851
1463.851
1463.851
1463.851
1472.945
1472.945
1472.945
1472.945
1451.591
1451.591
1451.591
1467.098
1467.098
1467.098
1467.098
1467.098
1453.003
1453.003
1453.003
1453.003
1453.003
1466.209
1466.209
1466.209
1466.209
1466.209
1466.209
1466.209
1466.209
1466.209
1461.001
1461.001
1461.001
1461.001
1461.001
1461.001
1461.001
1461.001
1461.001
1461.001
1456.756
1456.756
1456.756
1456.756
1456.756
1456.756
1456.756
1456.756
1456.756
1456.756
1456.756
1456.756
1456.756
1456.756
1456.756
1456.756
1456.756
1456.756
1283.587
1283.587
1283.587
1283.587
1283.587
1283.587
1283.587
1283.587
1283.587
1283.587
1283.587
1283.587
1283.587
1283.587
1283.587
1283.587
1283.587
1283.587
1283.587
1283.587
1283.587
1283.587
1283.587
1283.587
1283.587
1283.587
1283.587
1283.587
1283.587
1283.587
1283.587
1283.587
1283.587
1283.587
1283.587
1283.587
1283.587
1283.587
1283.587
1283.587
1283.587
1283.587
1283.587
1283.587
1283.587
1283.587
1283.587
1283.587
1283.587
1283.587
1283.587
1283.587
1283.587
1283.587
1283.587
1283.587
1283.587
1283.587
1283.587
1283.587
1283.587
1283.587
1283.587
1283.587
1283.587
1283.587
1283.587
1283.587
1283.587
1283.587
1283.587
1283.587
1283.587
1283.587
1283.587
1283.587
1283.587
1283.587
1283.587
1283.587
1283.587
1283.587
1283.587
1283.587
1283.587
1283.587
1283.587
1283.587
1283.587
1283.587
1283.587
1283.587
1283.587
1283.587
1283.587
1283.587
1283.587
1283.587
1283.587
1283.587
1283.587
1283.587
1283.587
1283.587
1283.587
1283.587
1283.587
1283.587
1283.587
1283.587
1283.587
1283.587
1283.587
1283.587
1283.587
1283.587
1283.587
1283.587
1283.587
1283.587
1283.587
1283.587
1283.587
1283.587
1283.587
1283.587
1283.587
1283.587
1283.587
1283.587
1283.587
1283.587
1283.587
1283.587
1283.587
1283.587
1283.587
1283.587
1283.587
1283.587
1283.587
1283.587
1283.587
1283.587
1283.587
1283.587
1283.587
1283.587
1283.587
1283.587
1283.587
1283.587
1283.587
1283.587
1283.587
1283.587
1283.587
1283.587
1283.587
1283.587
1283.587
1283.587
1283.587
1283.587
1283.587
1283.587
1283.587
1283.587
1283.587
1283.587
1283.587
1283.587
1283.587
1283.587
1283.587
1283.587
1283.587
1283.587
1283.587
1283.587
1283.587
1283.587
1283.587
1283.587
1283.587
1283.587
1283.587
1283.587
1283.587
1283.587
1283.587
1283.587
1283.587
1283.587
1283.587
1283.587
1283.587
1283.587
1283.587
1283.587
1283.587
1283.587
1283.587
1283.587
1283.587
1283.587
1283.587
1283.587
1283.587
1283.587
1283.587
1283.587
1283.587
1283.587
1283.587
1283.587
1283.587
1283.587
1283.587
1283.587
1283.587
1283.587
1283.587
1283.587
1283.587
1283.587
1283.587
1283.587
1283.587
1283.587
1283.587
1283.587
1283.587
1283.587
1283.587
1283.587
1283.587
1283.587
1283.587
1283.587
1283.587
1283.587
1283.587
1283.587
1283.587
1283.587
1283.587
1283.587
1283.587
1283.587
1283.587
1283.587
1283.587
1283.587
1283.587
1283.587
1283.587
1283.587
1283.587
1283.587
1283.587
1283.587
1283.587
1283.587
1283.587
1283.587
1283.587
1283.587
1283.587
1283.587
1283.587
1283.587
1283.587
1283.587
1283.587
1283.587
1283.587
1283.587
1283.587
1283.587
1283.587
1283.587
1283.587
1283.587
1283.587
1283.587
1283.587
1283.587
1283.587
1283.587
1283.587
1283.587
1283.587
1283.587
1283.587
1283.587
1283.587
1283.587
1283.587
1283.587
1283.587
1283.587
1283.587
1283.587
1283.587
1283.587
1283.587
1283.587
1283.587
1283.587
1283.587
1283.587
1283.587
1283.587
1283.587
1283.587
1283.587
1283.587
1283.587
1283.587
1283.587
1283.587
1283.587
1283.587
1283.587
1283.587
1283.587
1283.587
1283.587
1283.587
1283.587
1283.587
1283.587
1283.587
1283.587
1283.587
1283.587
1283.587
1283.587
1283.587
1283.587
1283.587
1283.587
