1290.222
1290.222
1290.222
1290.222
1290.222
1290.222
1290.222
1290.222
1290.222
1290.222
1290.222
1290.222
1290.222
1290.222
1290.222
1290.222
1290.222
1290.222
1290.222
1290.222
1290.222
1290.222
1290.222
1290.222
1290.222
1290.222
1290.222
1290.222
1290.222
1290.222
1290.222
1290.222
1290.222
1290.222
1290.222
1290.222
1290.222
1290.222
1290.222
1290.222
1290.222
1290.222
1290.222
1290.222
1290.222
1290.222
1290.222
1290.222
1290.222
1290.222
1290.222
1290.222
1290.222
1290.222
1290.222
1290.222
1290.222
1290.222
1290.222
1290.222
1290.222
1290.222
1290.222
1290.222
1469.336
1469.336
1469.336
1469.336
1459.404
1470.622
1470.622
1470.622
1470.622
1470.622
1470.622
1470.622
1472.831
1472.831
1478.825
1477.634
1477.634
1477.634
1473.664
1473.664
1473.664
1473.664
1473.664
1473.664
1473.664
1473.664
1473.664
1473.664
1473.664
1473.664
1473.664
1473.664
1473.664
1473.664
1473.664
1473.664
1473.664
1473.664
1473.664
1474.614
1474.614
1474.614
1474.614
1474.614
1474.614
1474.614
1474.614
1474.614
1474.614
1474.614
1487.473
1487.473
1487.473
1487.473
1487.473
1487.473
1487.473
1487.473
1487.473
1487.473
1483.935
1483.935
1483.935
1483.935
1483.935
1483.935
1483.935
1495.489
1478.209
1478.209
1478.209
1478.209
1478.209
1478.209
1478.209
1478.209
1478.209
1478.209
1478.209
1478.209
1478.209
1470.757
1470.757
1470.757
1470.757
1470.757
1470.757
1470.757
1470.757
1470.757
1470.757
1470.757
1470.757
1470.757
1470.757
1470.757
1470.757
1470.757
1470.757
1470.757
1469.930
1469.930
1469.930
1469.930
1469.930
1469.930
1493.855
1493.855
1493.855
1493.855
1475.315
1475.315
1486.156
1486.156
1464.505
1464.505
1464.505
1464.505
1464.505
1470.353
1470.353
1470.353
1470.353
1470.353
1470.353
1470.353
1470.353
1470.353
1462.426
1462.426
1462.426
1462.426
1462.426
1462.426
1462.426
1456.978
1444.036
1444.036
1444.036
1444.036
1444.036
1444.036
1470.803
1470.803
1470.803
1470.803
1460.677
1460.677
1464.351
1445.624
1445.624
1445.624
1445.624
1445.624
1445.624
1445.624
1445.624
1445.624
1445.624
1445.624
1445.624
1445.624
1455.971
1463.370
1463.370
1463.370
1463.370
1463.370
1463.370
1463.370
1463.370
1463.370
1463.370
1463.370
1451.368
1451.368
1451.368
1451.368
1451.368
1451.368
1451.368
1451.368
1451.368
1451.368
1451.368
1454.596
1454.596
1454.596
1454.596
1461.444
1461.444
1461.444
1458.387
1458.387
1458.387
1458.387
1458.387
1458.387
1458.387
1458.387
1296.013
1296.013
1296.013
1296.013
1296.013
1296.013
1296.013
1296.013
1296.013
1296.013
1296.013
1296.013
1296.013
1296.013
1296.013
1296.013
1296.013
1296.013
1296.013
1296.013
1296.013
1296.013
1296.013
1296.013
1296.013
1296.013
1296.013
1296.013
1296.013
1296.013
1296.013
1296.013
1296.013
1296.013
1296.013
1296.013
1296.013
1296.013
1296.013
1296.013
1296.013
1296.013
1296.013
1296.013
1296.013
1296.013
1296.013
1296.013
1296.013
1296.013
1296.013
1296.013
1296.013
1296.013
1296.013
1296.013
1296.013
1296.013
1296.013
1296.013
1296.013
1296.013
1296.013
1296.013
1296.013
1296.013
1296.013
1296.013
1296.013
1296.013
1296.013
1296.013
1296.013
1296.013
1296.013
1296.013
1296.013
1296.013
1296.013
1296.013
1296.013
1296.013
1296.013
1296.013
1296.013
1296.013
1296.013
1296.013
1296.013
1296.013
1296.013
1296.013
1296.013
1296.013
1296.013
1296.013
1296.013
1296.013
1296.013
1296.013
1296.013
1296.013
1296.013
1296.013
1296.013
1296.013
1296.013
1296.013
1296.013
1296.013
1296.013
1296.013
1296.013
1296.013
1296.013
1296.013
1296.013
1296.013
1296.013
1296.013
1296.013
1296.013
1296.013
1296.013
1296.013
1296.013
1296.013
1296.013
1296.013
1296.013
1296.013
1296.013
1296.013
1296.013
1296.013
1296.013
1296.013
1296.013
1296.013
1296.013
1296.013
1296.013
1296.013
1296.013
1296.013
1296.013
1296.013
1296.013
1296.013
1296.013
1296.013
1296.013
1296.013
1296.013
1296.013
1296.013
1296.013
1296.013
1296.013
1296.013
1296.013
1296.013
1296.013
1296.013
1296.013
1296.013
1296.013
1296.013
1296.013
1296.013
1296.013
1296.013
1296.013
1296.013
1296.013
1296.013
1296.013
1296.013
1296.013
1296.013
1296.013
1296.013
1296.013
1296.013
1296.013
1296.013
1296.013
1296.013
1296.013
1296.013
1296.013
1296.013
1296.013
1296.013
1296.013
1296.013
1296.013
1296.013
1296.013
1296.013
1296.013
1296.013
1296.013
1296.013
1296.013
1296.013
1296.013
1296.013
1296.013
1296.013
1296.013
1296.013
1296.013
1296.013
1296.013
1296.013
1296.013
1296.013
1296.013
1296.013
1296.013
1296.013
1296.013
1296.013
1296.013
1296.013
1296.013
1296.013
1296.013
1296.013
1296.013
1296.013
1296.013
1296.013
1296.013
1296.013
