1340.856
1340.856
1340.233
1338.308
1326.668
1326.668
1310.734
1310.734
1310.734
1310.734
1310.734
1310.734
1310.734
1310.734
1310.734
1310.734
1310.734
1310.734
1310.734
1310.734
1310.734
1310.734
1310.734
1310.734
1310.734
1300.867
1300.867
1300.867
1300.867
1300.867
1300.867
1300.867
1300.867
1300.867
1300.867
1300.867
1299.157
1299.157
1299.157
1299.157
1299.157
1299.157
1299.157
1299.157
1299.157
1297.270
1297.270
1297.270
1293.233
1293.233
1293.233
1293.233
1293.233
1282.881
1281.117
1281.117
1281.117
1281.117
1281.117
1281.117
1281.117
1281.117
1280.728
1280.728
1280.728
1280.728
1280.728
1280.728
1280.728
1280.728
1280.728
1280.728
1280.728
1280.728
1280.728
1280.728
1274.394
1274.394
1274.394
1274.394
1274.394
1274.394
1274.394
1274.394
1274.394
1274.394
1274.394
1274.394
1274.394
1274.394
1274.394
1274.394
1274.394
1274.394
1274.394
1274.394
1274.394
1274.394
1274.394
1274.394
1274.394
1274.394
1274.394
1274.394
1274.394
1274.394
1268.485
1268.485
1268.485
1268.485
1268.485
1268.485
1268.485
1268.485
1268.485
1268.485
1268.485
1268.485
1268.485
1268.485
1268.485
1268.485
1268.485
1268.485
1268.485
1268.485
1265.252
1265.252
1265.252
1265.252
1265.252
1265.252
1265.252
1265.252
1265.252
1265.252
1265.252
1265.252
1265.252
1265.252
1265.252
1265.252
1265.252
1265.252
1265.252
1265.252
1265.252
1265.252
1265.252
1265.252
1265.252
1265.252
1265.252
1265.252
1265.252
1265.252
1265.252
1265.252
1265.252
1265.252
1265.252
1265.252
1265.252
1265.252
1265.252
1265.252
1265.252
1265.252
1264.469
1264.469
1264.469
1264.469
1264.469
1264.469
1264.469
1264.469
1264.469
1264.469
1264.469
1264.469
1264.469
1264.469
1264.469
1264.469
1264.469
1264.469
1264.469
1264.469
1264.469
1264.469
1264.469
1264.469
1264.469
1264.469
1264.469
1264.469
1264.469
1264.469
1264.469
1264.469
1264.469
1264.469
1264.469
1264.469
1264.469
1264.469
1264.469
1264.469
1264.469
1264.469
1264.469
1264.469
1264.469
1264.469
1264.469
1264.469
1264.469
1264.469
1264.469
1264.469
1264.469
1264.469
1264.469
1264.469
1264.469
1264.469
1264.469
1264.469
1264.469
1264.469
1264.469
1264.469
1264.469
1264.469
1264.469
1264.469
1264.469
1264.469
1264.469
1264.469
1264.469
1259.673
1259.673
1259.673
1259.673
1259.673
1259.673
1259.673
1259.673
1259.673
1259.673
1259.673
1259.673
1259.673
1259.673
1259.673
1259.673
1259.673
1259.673
1259.673
1259.673
1259.673
1259.673
1259.673
1259.673
1259.673
1259.673
1259.673
1259.673
1259.673
1259.673
1259.673
1259.673
1259.673
1259.673
1259.673
1259.673
1259.673
1259.673
1259.673
1259.673
1259.673
1259.673
1259.673
1259.673
1259.673
1259.673
1259.673
1259.673
1259.673
1259.673
1259.673
1259.673
1259.673
1259.673
1259.673
1259.673
1259.673
1259.673
1259.673
1259.673
1259.673
1259.673
1259.673
1259.673
1259.673
1259.673
1259.673
1259.673
1259.673
1259.673
1259.673
1259.673
1259.673
1259.673
1259.673
1259.673
1259.673
1259.673
1259.673
1259.673
1259.673
1259.673
1259.673
1259.673
1259.673
1259.673
1259.673
1259.673
1259.673
1259.673
1259.673
1259.673
1259.673
1259.673
1259.673
1259.673
1259.673
1259.673
1259.673
1259.673
1259.673
1259.673
1259.673
1259.673
1259.673
1259.673
1259.673
1259.673
1259.673
1259.673
1259.673
1259.673
1259.673
1259.673
1259.673
1259.673
1259.673
1259.673
1259.673
1259.673
1259.673
1259.673
1259.673
1259.673
1259.673
1259.673
1259.673
1259.673
1259.673
1259.673
1259.673
1259.673
1259.673
1259.673
1259.673
1259.673
1259.673
1259.673
1259.673
1259.673
1259.673
1259.673
1259.673
1259.673
1259.673
1259.673
1259.673
1259.673
1259.673
1259.673
1259.673
1259.673
1259.673
1259.673
1259.673
1259.673
1259.673
1259.673
1259.673
1256.614
1256.614
1256.614
1256.614
1256.614
1256.614
1256.614
1256.614
1256.614
1256.614
1256.614
1256.614
1256.614
1256.614
1256.614
1256.614
1256.614
1256.614
1256.614
1256.614
1256.614
1256.614
1256.614
1256.614
1256.614
1256.614
1256.614
1256.614
1256.614
1256.614
1256.614
1256.614
1256.614
1256.614
1256.614
1256.614
1256.614
1256.614
1256.614
1256.614
1256.614
1256.614
1256.614
1256.614
1256.614
1256.614
1256.614
1256.614
1256.614
1256.614
1256.614
1256.614
1256.614
1256.614
1256.614
1256.614
1256.614
1256.614
1256.614
1256.614
1256.614
1256.614
1256.614
1256.614
1256.614
1256.614
1256.614
1256.614
1256.614
1256.614
1256.614
1256.614
1256.614
1256.614
1256.614
1256.614
1256.614
1256.614
1256.614
1256.614
1256.614
1256.614
1256.614
1256.614
1256.614
1256.614
1256.614
1256.614
1256.614
1256.614
1256.614
1256.614
1256.614
1256.614
1256.614
1256.614
1256.614
1256.614
1256.614
1256.614
1256.614
