1174.946
1174.946
1174.946
1174.946
1174.946
1174.946
1174.946
1159.098
1159.098
1159.098
1159.098
1159.098
1159.098
1159.098
1159.098
1159.098
1149.279
1149.279
1149.279
1130.118
1130.118
1130.118
1130.118
1130.118
1130.118
1127.370
1127.370
1127.370
1127.370
1127.370
1127.370
923.618
923.618
923.618
922.458
922.458
922.458
922.458
922.458
922.458
922.458
913.978
913.978
913.978
913.978
913.978
913.978
913.978
913.978
913.978
913.978
913.978
913.978
913.978
913.978
913.978
910.775
910.775
910.775
910.775
910.775
910.775
910.775
910.775
910.775
910.775
910.775
910.775
910.775
910.775
910.775
910.775
910.775
910.775
910.775
910.775
910.775
910.775
910.775
910.775
910.775
910.775
910.775
910.775
910.775
910.775
910.775
910.775
910.775
910.775
910.775
910.775
910.775
910.775
910.775
910.775
910.775
910.775
910.775
910.775
910.775
910.775
910.775
910.461
910.461
910.461
910.461
910.461
910.461
910.461
910.461
910.461
910.461
910.461
910.461
910.461
910.461
910.461
910.461
910.461
910.461
910.461
910.461
910.461
910.461
910.461
910.461
910.461
910.461
910.461
910.461
910.461
910.461
910.461
910.461
910.461
910.461
910.461
910.461
910.461
910.461
910.461
910.461
910.461
910.461
910.461
910.461
909.908
909.908
909.908
909.908
904.461
904.461
904.461
904.461
904.461
904.461
904.461
904.461
904.461
904.461
904.461
904.461
904.461
904.461
904.461
904.461
904.461
894.138
894.138
894.138
894.138
894.138
894.138
894.138
894.138
894.138
894.138
894.138
894.138
894.138
894.138
894.138
894.138
894.138
894.138
894.138
894.138
894.138
894.138
894.138
894.138
894.138
894.138
894.138
894.138
894.138
894.138
894.138
894.138
894.138
894.138
894.138
894.138
894.138
894.138
894.138
894.138
894.138
894.138
894.138
894.138
894.138
894.138
894.138
894.138
894.138
894.138
894.138
894.138
894.138
894.138
894.138
894.138
894.138
894.138
894.138
894.138
894.138
888.273
888.273
888.273
888.273
888.273
888.273
888.273
888.273
888.273
888.273
888.273
888.273
888.273
888.273
888.273
888.273
888.273
888.273
888.273
887.954
887.954
887.954
887.954
887.954
887.954
887.954
887.954
887.954
887.954
887.954
887.954
887.954
887.954
887.954
887.954
887.954
886.706
886.706
886.706
886.706
886.706
886.706
886.706
886.706
886.706
886.706
886.706
886.706
886.706
886.706
886.706
886.706
886.706
886.706
886.706
886.706
886.706
886.706
886.706
886.706
886.706
886.706
886.706
886.706
886.706
886.706
886.706
886.706
886.706
886.706
886.706
886.706
886.706
886.706
886.706
886.706
886.706
886.706
886.706
886.706
886.706
886.706
886.706
886.706
886.706
886.706
886.706
886.706
886.706
886.706
886.706
886.706
886.706
886.706
886.706
886.706
886.706
886.706
886.706
886.706
886.706
886.706
886.706
886.706
886.706
886.706
886.706
886.706
886.706
886.706
886.706
886.706
886.706
886.706
884.219
884.219
884.219
884.219
884.219
884.219
884.219
884.219
884.219
884.219
884.219
884.219
884.219
884.219
884.219
884.219
884.219
884.219
884.219
884.219
884.219
884.219
884.219
884.219
884.219
884.219
883.662
881.653
881.653
881.653
881.653
881.653
881.653
881.653
881.653
881.653
881.653
881.653
881.653
881.653
881.653
881.653
881.653
881.653
881.653
881.653
881.653
881.653
881.653
881.653
881.653
881.653
881.653
881.653
881.653
881.653
881.653
881.653
881.653
881.653
881.653
881.653
881.653
881.653
881.653
881.653
881.653
881.653
881.653
881.653
881.653
881.653
881.653
881.653
881.653
881.653
881.653
881.653
881.653
881.653
881.653
881.653
881.653
881.653
881.653
881.653
881.653
881.653
881.653
881.653
881.653
881.653
881.653
881.653
881.653
881.653
881.653
881.653
881.653
881.653
881.653
881.653
881.653
881.653
881.653
881.653
881.653
881.653
881.653
881.653
881.653
881.653
881.653
881.653
881.653
881.653
881.653
881.653
881.653
881.653
881.653
881.653
881.653
881.653
881.653
881.653
881.653
881.653
881.653
881.653
881.653
881.653
881.653
881.653
881.653
881.653
881.653
881.653
881.653
881.653
881.653
881.653
881.653
881.653
881.653
881.653
881.653
881.653
881.653
881.653
881.653
881.653
881.653
881.653
881.653
881.653
881.653
881.653
881.653
881.653
881.653
881.653
881.653
881.653
881.653
881.653
881.653
881.653
881.653
881.653
881.653
881.653
881.653
881.653
881.653
881.653
881.653
881.653
881.653
881.653
881.653
881.653
881.653
881.653
881.653
881.653
881.653
881.653
881.653
881.653
881.653
881.653
881.653
881.653
881.653
881.653
881.653
881.653
881.653
881.653
881.653
881.653
881.653
881.653
881.653
881.653
881.653
881.653
881.653
881.653
881.653
881.653
881.653
881.653
881.653
881.653
881.653
881.653
881.653
881.653
881.653
881.653
881.653
881.653
881.653
881.653
881.653
881.653
881.653
881.653
881.653
881.653
881.653
881.653
881.653
881.653
881.653
881.653
881.653
881.653
881.653
881.653
881.653
881.653
881.653
881.653
881.653
881.653
881.653
881.653
881.653
881.653
881.653
881.653
881.653
881.653
881.653
881.653
881.653
881.653
881.653
881.653
881.653
881.653
881.653
881.653
881.653
881.653
881.653
881.653
881.653
881.653
881.653
881.653
881.653
881.653
881.653
881.653
881.653
881.653
881.653
881.653
881.653
881.653
881.653
881.653
881.653
881.653
881.653
881.653
881.653
881.653
881.653
881.653
881.653
881.653
881.653
881.653
881.653
881.653
881.653
881.653
881.653
881.653
881.653
881.653
876.669
876.669
876.669
876.669
876.669
876.669
876.669
876.669
876.669
876.669
876.669
876.669
876.669
876.669
876.669
876.669
876.669
876.669
876.669
876.669
876.669
876.669
876.669
876.669
876.669
876.669
876.669
876.669
876.669
876.669
876.669
876.669
876.669
876.669
876.669
876.669
876.669
876.669
876.669
876.669
876.669
876.669
876.669
876.669
876.669
876.669
876.669
876.669
876.669
876.669
876.669
876.669
876.669
876.669
876.669
876.669
876.669
876.669
876.669
876.669
876.669
876.669
876.669
876.669
876.669
876.669
876.669
876.669
876.669
876.669
876.669
876.669
876.669
876.669
876.669
876.669
876.669
876.669
876.669
876.669
876.669
876.669
876.669
876.669
876.669
876.669
876.669
876.669
876.669
876.669
876.669
876.669
876.669
876.669
876.669
876.669
876.669
876.669
876.669
876.669
876.669
876.669
