1453.512
1447.011
1447.011
1447.011
1447.011
1447.011
1443.616
1443.616
1443.616
1443.616
1443.616
1443.616
1442.363
1442.363
1441.091
1441.091
1441.091
1441.091
1441.091
1441.091
1319.912
1317.977
1317.977
1308.792
1303.524
1303.524
1303.524
1303.524
1303.524
1303.524
1303.524
1303.524
1303.524
1303.524
1298.644
1298.644
1298.644
1298.644
1298.644
1298.644
1298.644
1278.350
1278.350
1278.350
1278.350
1278.350
1278.350
1278.350
1278.350
1278.350
1278.350
1276.992
1276.992
1276.992
1276.992
1276.992
1276.992
1276.992
1276.992
1276.992
1272.636
1272.636
1272.636
1272.636
1272.636
1272.636
1272.636
1272.636
1272.636
1272.636
1272.636
1272.636
1272.636
1272.636
1272.636
1272.636
1272.636
1272.636
1272.636
1269.157
1269.157
1269.157
1269.157
1269.157
1269.157
1269.157
1269.157
1269.157
1269.157
1269.157
1269.157
1269.157
1269.157
1269.157
1269.157
1269.157
1269.157
1262.728
1262.728
1262.728
1262.728
1262.728
1262.728
1262.728
1262.728
1262.728
1262.728
1262.728
1262.728
1262.728
1262.728
1262.728
1262.728
1262.728
1262.728
1262.728
1262.728
1262.728
1262.728
1262.728
1262.728
1262.728
1262.728
1262.728
1262.728
1262.728
1262.728
1262.728
1262.728
1262.728
1262.728
1262.728
1262.728
1262.728
1262.728
1262.728
1262.728
1262.728
1262.728
1262.728
1262.728
1262.728
1262.728
1262.728
1262.728
1262.728
1262.728
1262.728
1262.728
1262.728
1262.728
1262.728
1262.728
1262.728
1262.728
1262.728
1262.728
1262.728
1262.728
1262.728
1262.728
1262.728
1262.728
1262.728
1262.728
1262.728
1262.728
1262.728
1262.728
1262.728
1262.728
1262.728
1262.728
1262.728
1262.728
1262.728
1262.728
1262.728
1262.728
1262.728
1262.728
1262.728
1262.728
1262.728
1262.728
1262.728
1262.728
1262.728
1262.728
1262.728
1262.728
1262.728
1262.728
1262.728
1262.728
1262.728
1262.728
1262.728
1262.728
1262.728
1262.728
1262.728
1261.851
1261.851
1261.851
1261.851
1261.851
1261.851
1261.851
1261.851
1261.851
1261.851
1261.851
1261.851
1261.851
1261.851
1261.851
1261.851
1261.851
1261.851
1261.851
1261.851
1261.851
1261.851
1261.851
1261.851
1261.851
1261.851
1261.851
1261.851
1261.851
1261.851
1261.851
1261.851
1261.851
1261.851
1261.851
1261.851
1259.455
1259.455
1259.455
1259.455
1259.455
1259.455
1259.455
1259.455
1259.455
1259.455
1259.455
1259.455
1259.455
1259.455
1259.455
1259.455
1259.455
1257.884
1257.884
1257.884
1257.884
1257.884
1257.884
1257.884
1257.884
1257.884
1257.884
1257.884
1257.884
1257.884
1257.884
1257.884
1257.884
1257.884
1257.884
1257.884
1257.884
1257.884
1257.884
1257.884
1257.884
1257.884
1257.884
1257.884
1257.884
1257.884
1253.269
1253.269
1253.269
1253.269
1253.269
1253.269
1253.269
1253.269
1253.269
1253.269
1253.269
1253.269
1253.269
1253.269
1253.269
1253.269
1253.269
1253.269
1253.269
1253.269
1253.269
1253.269
1253.269
1253.269
1253.269
1253.269
1253.269
1253.269
1253.269
1253.269
1253.269
1253.269
1253.269
1253.269
1253.269
1253.269
1253.269
1253.269
1253.269
1253.269
1253.269
1253.269
1253.269
1253.269
1253.269
1253.269
1253.269
1253.269
1253.269
1253.269
1253.269
1253.269
1253.269
1253.269
1253.269
1253.269
1253.269
1253.269
1253.269
1253.269
1253.269
1253.269
1253.269
1253.269
1253.269
1253.269
1253.269
1253.269
1253.269
1253.269
1253.269
1253.269
1253.269
1253.269
1253.269
1253.269
1253.269
1253.269
1253.269
1253.269
1253.269
1253.269
1253.269
1253.269
1253.269
1253.269
1253.269
1253.269
1253.269
1253.269
1253.269
1253.269
1253.269
1253.269
1253.269
1253.269
1253.269
1253.269
1253.269
1253.269
1253.269
1253.269
1253.269
1253.269
1253.269
1253.269
1253.269
1253.269
1253.269
1253.269
1253.269
1253.269
1253.269
1253.269
1253.269
1253.269
1253.269
1253.269
1253.269
1253.269
1253.269
1253.269
1253.269
1253.269
1253.269
1253.269
1253.269
1253.269
1253.269
1253.269
1253.269
1253.269
1253.269
1253.269
1253.269
1253.269
1253.269
1253.269
1253.269
1253.269
1253.269
1253.269
1253.269
1253.269
1253.269
1253.269
1253.269
1253.269
1253.269
1253.269
1253.269
1253.269
1253.269
1253.269
1253.269
1253.269
1253.269
1253.269
1253.269
1253.269
1253.269
1253.269
1253.269
1253.269
1253.269
1253.269
1253.269
1253.269
1253.269
1253.269
1253.269
1253.269
1253.269
1253.269
1253.269
1253.269
1253.269
1253.269
1253.269
1253.269
1253.269
1253.269
1253.269
1253.269
1253.269
1253.269
1253.269
1253.269
1253.269
1253.269
1253.269
1253.269
1253.269
1253.269
1253.269
1253.269
1253.269
1253.269
1253.269
1253.269
1253.269
1253.269
1253.269
1253.269
1253.269
1253.269
1253.269
1253.269
1253.269
1253.269
1253.269
1253.269
1253.269
1253.269
1253.269
1253.269
1253.269
