582.719
582.719
582.053
574.306
518.477
518.477
518.477
518.477
518.477
518.477
518.477
518.477
518.477
518.477
518.477
518.477
518.477
518.477
518.477
518.477
505.799
505.799
505.799
505.799
505.799
505.799
505.799
505.799
505.799
505.799
505.799
505.799
505.799
505.799
505.799
505.799
505.799
505.799
505.799
505.799
505.799
505.799
505.799
505.799
505.799
505.799
505.799
505.799
505.799
505.799
503.046
503.046
503.046
503.046
503.046
503.046
503.046
503.046
503.046
503.046
503.046
503.046
503.046
503.046
503.046
503.046
503.046
503.046
503.046
503.046
503.046
503.046
503.046
503.046
503.046
503.046
503.046
503.046
503.046
503.046
503.046
503.046
503.046
503.046
503.046
503.046
503.046
503.046
503.046
503.046
503.046
503.046
503.046
502.539
502.539
458.999
454.675
454.675
454.675
454.675
454.675
454.675
454.675
454.675
454.675
454.675
454.675
454.675
454.675
454.675
454.675
454.675
454.675
454.675
450.745
450.745
450.745
450.745
450.745
450.745
450.745
450.745
445.244
445.244
445.244
445.244
445.244
445.244
445.244
445.244
445.244
445.244
445.244
445.244
445.244
445.244
445.244
445.244
445.244
445.244
445.244
445.244
445.244
445.244
445.244
445.244
445.244
445.244
445.244
445.244
445.244
445.244
445.244
445.244
445.244
445.244
445.244
445.244
443.934
443.934
443.934
443.934
443.934
443.934
443.934
443.934
443.934
443.934
443.934
443.934
443.934
443.934
443.934
443.934
443.934
443.934
443.934
443.934
443.934
443.934
443.934
443.934
443.934
443.934
443.934
443.740
443.740
443.740
443.740
443.740
443.511
443.511
443.511
443.511
443.511
443.511
443.511
443.511
443.511
443.511
443.511
443.511
443.511
443.511
443.511
443.511
443.511
443.511
443.511
443.511
443.511
443.511
443.511
443.511
443.511
443.511
443.511
443.511
443.511
443.511
443.511
443.511
443.511
443.511
443.511
443.511
443.511
443.511
443.511
443.511
443.511
437.234
437.234
437.234
437.196
437.196
437.196
437.196
437.196
437.196
437.196
437.196
437.196
437.196
437.196
437.196
437.196
437.196
437.196
437.196
437.196
437.196
437.196
437.196
437.196
437.196
437.196
437.196
437.196
437.196
437.196
437.196
437.196
437.196
437.196
437.196
437.196
437.196
437.196
437.196
437.196
437.196
437.196
437.196
437.196
437.196
437.196
437.196
437.196
437.196
437.196
437.196
437.196
437.196
437.196
437.196
437.196
437.196
437.196
437.196
437.196
437.196
437.196
437.196
437.196
437.196
437.196
437.196
437.196
437.196
437.196
437.196
437.196
437.196
437.196
437.196
437.196
437.196
437.196
437.196
437.196
437.196
437.196
437.196
437.196
437.196
437.196
437.196
437.196
437.196
437.196
437.196
437.196
437.196
437.196
437.196
437.196
437.196
437.196
437.196
437.196
437.196
437.196
437.196
437.196
437.196
437.196
437.196
437.196
437.196
437.196
437.196
437.196
437.196
437.196
437.196
437.196
437.196
437.196
437.196
437.196
437.196
437.196
437.196
437.196
437.196
437.196
437.196
437.196
437.196
437.196
437.196
437.196
437.196
437.196
437.196
437.196
437.196
437.196
437.196
437.196
437.196
437.196
437.196
437.196
437.196
437.196
437.196
437.196
437.196
437.196
437.196
437.196
437.196
437.196
437.196
437.196
437.196
437.196
437.196
437.196
437.196
437.196
437.196
437.196
437.196
437.196
437.196
437.196
437.196
437.196
437.196
437.196
437.196
437.196
437.196
437.196
437.196
437.196
437.196
437.196
437.196
437.196
437.196
437.196
437.196
437.196
437.196
437.196
437.196
437.196
437.196
437.196
437.196
437.196
437.196
437.196
437.196
437.196
437.196
437.196
437.196
437.196
437.196
437.196
437.196
437.196
437.196
437.196
437.196
437.196
437.196
437.196
437.196
437.196
437.196
437.196
437.196
437.196
437.196
437.196
437.196
437.196
437.196
437.196
437.196
437.196
437.196
437.196
437.196
437.196
437.196
437.196
437.196
437.196
437.196
437.196
437.196
437.196
436.038
436.038
436.038
436.038
436.038
436.038
436.038
436.038
436.038
436.038
436.038
436.038
436.038
436.038
435.413
435.413
435.413
435.413
435.413
435.413
435.413
435.413
435.413
435.413
435.413
435.413
435.413
435.413
435.413
435.413
435.413
435.180
435.180
432.401
432.401
432.401
432.401
432.401
432.401
432.401
432.401
432.401
432.401
432.401
432.401
432.401
432.401
432.401
432.401
432.401
432.401
432.401
432.401
432.401
432.401
432.401
432.401
432.401
432.401
432.401
432.401
432.401
432.401
432.401
432.401
432.401
432.401
432.401
432.401
432.401
432.401
432.401
432.401
432.401
432.401
432.401
432.401
432.401
432.401
432.401
432.401
432.401
432.401
432.401
432.401
432.401
432.401
432.401
432.401
432.401
432.401
432.401
432.401
432.401
432.401
432.401
432.401
432.401
432.401
432.401
432.401
432.401
432.401
432.401
432.401
432.401
432.401
429.850
429.850
429.850
429.850
429.850
429.850
429.850
429.850
429.850
429.850
429.850
429.850
429.850
429.850
429.850
429.850
429.850
429.850
429.850
429.850
429.850
429.850
429.850
429.850
429.850
429.850
429.850
429.850
429.850
429.850
429.850
429.850
429.850
429.850
429.850
429.850
429.850
429.850
429.850
429.850
429.850
429.850
429.850
429.850
429.850
429.850
429.850
429.850
429.850
429.850
429.850
429.850
429.850
429.850
429.850
429.850
429.850
429.850
429.850
429.850
429.850
429.850
429.850
429.850
429.850
429.850
429.850
429.850
429.850
429.850
429.850
429.850
429.850
429.850
429.850
429.850
429.850
429.850
429.850
429.850
429.850
429.850
429.850
429.850
429.850
429.850
429.850
429.850
429.850
428.563
428.563
428.563
428.563
428.563
428.563
428.563
428.563
428.563
428.563
428.563
428.563
428.563
428.563
428.563
428.563
428.563
428.563
428.563
428.563
428.563
428.563
428.563
428.563
428.563
428.563
428.563
428.563
428.563
428.563
428.563
428.563
428.563
428.563
428.563
428.563
428.563
428.563
428.563
428.563
428.563
428.563
428.563
428.563
428.563
428.563
428.563
428.563
428.563
428.563
428.563
428.563
428.563
428.563
428.563
428.563
428.563
428.563
428.563
428.563
428.563
427.742
427.742
427.742
427.742
427.742
427.742
427.742
427.742
427.742
427.742
427.742
427.742
427.742
427.742
427.742
427.742
427.742
427.742
427.742
427.742
427.742
427.742
427.742
427.742
427.742
427.742
427.742
427.742
427.742
427.742
427.267
427.267
427.267
427.267
427.267
427.267
427.267
427.267
427.267
427.267
427.267
427.267
427.267
427.267
427.267
427.267
427.267
427.267
427.267
427.267
427.267
427.267
427.267
427.267
427.267
427.267
427.267
427.267
427.267
427.267
427.267
427.267
427.267
427.267
427.267
427.267
427.267
427.267
427.267
427.267
427.267
427.267
427.267
427.267
427.267
427.267
427.267
427.267
427.267
427.267
427.267
427.267
427.267
427.267
427.267
427.267
427.267
427.267
427.267
427.267
427.267
427.267
427.267
427.267
427.267
427.267
427.267
427.267
427.267
427.267
427.267
427.267
427.267
427.267
427.267
427.267
427.267
427.267
427.267
427.267
427.267
427.267
427.267
427.267
427.267
427.267
427.267
427.267
427.267
427.267
427.267
427.267
427.267
427.267
427.267
427.267
427.267
427.267
427.267
427.267
427.267
427.267
427.267
427.267
427.267
427.267
427.267
427.267
427.267
427.267
427.267
427.267
427.267
427.267
427.267
427.267
427.267
427.267
427.267
427.267
427.267
427.267
427.267
427.267
427.267
427.267
427.267
427.267
427.267
427.267
427.267
427.267
427.267
427.267
427.267
427.267
427.267
427.267
427.267
427.267
427.267
427.267
427.267
427.267
427.267
427.267
427.267
427.267
427.267
427.267
427.267
427.267
427.267
427.267
427.267
427.267
427.267
427.267
427.267
427.267
427.267
427.267
427.267
427.267
427.267
427.267
427.267
427.267
427.267
427.267
427.267
427.267
427.267
427.267
427.267
427.267
427.267
427.267
427.267
427.267
427.267
427.267
427.267
427.267
427.267
427.267
427.267
427.267
427.267
427.267
427.267
427.267
427.267
427.267
427.267
427.267
427.267
427.267
427.267
427.267
427.267
427.267
427.267
427.267
427.267
427.267
427.267
427.267
427.267
427.267
427.267
427.267
427.267
427.267
427.267
427.267
427.267
427.267
427.267
427.267
427.267
427.267
427.267
427.267
427.267
427.267
427.267
427.267
427.267
427.267
427.267
427.267
427.267
427.267
427.267
427.267
427.267
427.267
427.267
427.267
427.267
427.267
427.267
427.267
427.267
