1290.879
1285.570
1285.570
1285.570
1285.570
1285.570
1285.570
1285.570
1285.570
1285.570
1285.570
1285.570
1280.917
1267.749
1267.749
1267.749
1267.749
1267.749
1267.749
1267.749
1267.749
1267.749
1267.749
1267.749
1267.749
1267.749
1267.749
1267.749
1267.749
1267.749
1267.749
1267.749
1267.749
1267.749
1267.749
1267.749
1267.749
1267.749
1267.749
1267.749
1267.749
1267.749
1267.749
1267.749
1267.749
1267.749
1267.749
1267.749
1266.713
1266.713
1266.713
1266.713
1266.713
1266.713
1266.713
1266.713
1266.713
1266.713
1266.713
1266.713
1266.713
1266.713
1266.713
1266.713
1266.713
1266.713
1266.713
1266.713
1266.713
1266.713
1266.713
1266.713
1266.713
1266.713
1266.713
1266.713
1266.713
1266.713
1266.713
1266.713
1266.713
1266.713
1266.713
1266.713
1266.713
1266.713
1266.713
1266.713
1266.713
1266.713
1266.713
1266.713
1266.713
1266.713
1265.731
1265.731
1265.731
1265.731
1265.731
1265.731
1265.731
1265.731
1265.731
1265.731
1263.985
1263.985
1263.985
1263.985
1263.985
1263.985
1263.985
1263.985
1263.985
1263.985
1263.985
1263.985
1263.985
1263.985
1263.985
1263.985
1263.985
1263.985
1263.516
1263.516
1263.516
1263.516
1263.516
1263.516
1263.516
1263.516
1263.516
1263.516
1263.516
1263.516
1263.516
1263.516
1261.531
1261.531
1261.531
1261.531
1261.531
1261.531
1261.531
1261.531
1261.531
1261.531
1261.531
1261.531
1261.531
1261.531
1261.531
1261.531
1261.531
1261.531
1254.767
1254.767
1254.767
1254.767
1254.767
1254.767
1254.767
1254.767
1254.767
1254.767
1254.767
1254.767
1254.767
1254.767
1254.767
1254.767
1254.767
1254.767
1254.767
1254.767
1254.767
1254.767
1254.767
1254.767
1254.767
1254.767
1254.767
1254.767
1254.767
1254.767
1254.767
1254.767
1254.767
1254.767
1254.767
1254.767
1254.767
1254.767
1254.767
1254.767
1254.767
1254.767
1254.767
1254.767
1254.767
1254.767
1254.767
1251.272
1251.272
1251.272
1251.272
1251.272
1251.272
1251.272
1251.272
1251.272
1251.272
1251.272
1251.272
1251.272
1251.272
1251.272
1251.272
1251.272
1251.272
1251.272
1251.272
1251.272
1251.272
1251.272
1251.272
1251.272
1251.272
1251.272
1251.272
1251.272
1251.272
1251.272
1251.272
1251.272
1251.272
1251.272
1251.272
1251.272
1251.272
1251.272
1251.272
1251.272
1251.272
1251.272
1251.272
1251.272
1251.272
1251.272
1251.272
1251.272
1251.272
1251.272
1251.272
1251.272
1251.272
1248.670
1248.670
1248.670
1248.670
1248.670
1248.670
1248.670
1248.670
1248.670
1248.670
1248.670
1248.670
1248.670
1248.670
1248.670
1248.670
1248.670
1248.670
1248.670
1248.670
1248.670
1248.670
1248.670
1248.670
1248.670
1248.670
1248.670
1248.670
1248.670
1248.670
1248.670
1248.670
1248.670
1248.670
1248.670
1248.670
1248.670
1248.670
1248.670
1248.670
1248.670
1248.670
1248.670
1248.670
1248.670
1248.670
1248.670
1248.670
1248.670
1248.670
1248.670
1248.670
1248.670
1248.670
1248.670
1248.670
1248.670
1248.670
1248.670
1248.670
1248.670
1248.670
1248.670
1248.670
1248.670
1248.670
1248.670
1248.670
1248.670
1248.670
1248.670
1248.670
1248.670
1248.670
1248.670
1248.670
1248.670
1248.670
1248.670
1248.670
1248.670
1248.670
1248.670
1248.670
1248.670
1248.670
1248.670
1248.670
1248.670
1248.670
1248.670
1248.670
1248.670
1248.670
1248.670
1248.670
1248.670
1248.670
1248.670
1248.670
1248.670
1248.670
1248.670
1248.670
1248.670
1248.670
1248.670
1248.670
1248.670
1248.670
1248.670
1248.670
1248.670
1248.670
1248.670
1248.670
1248.670
1248.670
1248.670
1248.670
1248.670
1248.670
1248.670
1248.670
1248.670
1248.670
1248.670
1248.670
1248.670
1248.670
1248.670
1248.670
1248.670
1248.670
1248.670
1248.670
1248.670
1248.670
1248.670
1248.670
1248.670
1248.670
1248.670
1248.670
1248.670
1248.670
1248.670
1248.670
1248.670
1248.670
1248.670
1248.670
1248.670
1248.670
1248.670
1248.670
1248.670
1248.670
1248.670
1248.670
1248.670
1248.670
1248.670
1248.670
1248.670
1248.670
1248.670
1248.670
1248.670
1248.670
1248.670
1248.670
1248.670
1248.670
1248.670
1248.670
1248.670
1248.670
1248.670
1248.670
1248.670
1248.670
1248.670
1248.670
1248.670
1248.670
1248.670
1248.670
1248.670
1248.670
1248.670
1248.670
1248.670
1248.670
1248.670
1248.670
1248.670
1248.670
1248.670
1248.670
1248.670
1248.670
1248.670
1248.670
1248.670
1248.670
1248.670
1248.670
1248.670
1248.670
1248.670
1248.670
1248.670
1248.670
1248.670
1248.670
1248.670
1248.670
1248.670
1248.670
1248.670
1248.670
1248.670
1248.670
1248.670
1248.670
1248.670
1248.670
1248.670
1248.670
1248.670
1248.670
1248.670
1248.670
1248.670
1248.670
1248.670
1248.670
1248.670
1248.670
1248.670
1248.670
1248.670
1248.670
1248.670
1248.670
