1320.453
1318.745
1318.745
1318.745
1318.745
1318.745
1318.745
1318.321
1318.321
1318.321
1318.321
1318.321
1291.289
1291.289
1291.289
1290.696
1290.696
1290.696
1290.696
1290.696
1290.696
1290.696
1290.696
1290.696
1276.750
1276.750
1276.750
1276.750
1276.750
1276.750
1276.750
1276.750
1276.750
1276.750
1276.750
1276.750
1276.750
1276.750
1276.750
1276.750
1275.588
1275.588
1275.588
1275.588
1275.588
1275.588
1275.588
1275.588
1275.588
1275.588
1275.588
1275.588
1275.588
1275.588
1275.588
1275.588
1275.588
1275.588
1275.588
1275.588
1275.588
1275.588
1275.588
1275.588
1275.588
1275.588
1275.588
1275.588
1275.588
1275.588
1275.588
1275.588
1275.588
1275.588
1275.588
1275.588
1275.588
1275.588
1275.588
1275.588
1275.588
1275.588
1275.588
1275.588
1275.588
1275.588
1275.588
1275.588
1275.588
1275.588
1275.588
1275.588
1275.588
1271.292
1271.292
1271.292
1271.292
1271.292
1271.292
1271.292
1271.292
1271.292
1271.292
1271.292
1271.292
1271.292
1271.292
1271.292
1271.292
1270.565
1270.565
1270.565
1270.565
1270.565
1270.565
1270.565
1266.811
1266.811
1266.811
1266.811
1266.811
1266.811
1266.811
1266.811
1266.811
1266.811
1266.811
1266.811
1266.811
1266.811
1266.811
1266.811
1266.811
1266.811
1266.811
1266.811
1266.811
1266.811
1266.811
1266.811
1266.089
1266.089
1266.089
1266.089
1266.089
1266.089
1266.089
1266.089
1266.089
1266.089
1266.089
1266.089
1266.089
1266.089
1266.089
1266.089
1266.089
1266.089
1266.089
1266.089
1266.089
1266.089
1266.089
1266.089
1266.089
1266.089
1266.089
1266.089
1266.089
1266.089
1266.089
1266.089
1266.089
1266.089
1266.089
1266.089
1265.375
1265.375
1265.375
1265.375
1265.375
1265.375
1265.375
1265.375
1265.375
1265.375
1265.375
1265.375
1265.375
1265.375
1265.375
1265.375
1265.375
1265.375
1265.375
1265.375
1265.375
1265.375
1265.375
1265.375
1265.375
1265.375
1265.375
1265.375
1265.375
1265.375
1265.375
1265.375
1265.375
1265.375
1265.375
1265.375
1265.375
1263.129
1263.129
1263.129
1263.129
1263.129
1263.129
1263.129
1263.129
1263.129
1263.129
1263.129
1263.129
1263.129
1263.129
1263.129
1263.129
1263.129
1263.129
1263.129
1263.129
1263.129
1263.129
1263.129
1263.129
1263.129
1263.129
1263.129
1263.129
1263.129
1263.129
1263.129
1263.129
1263.129
1263.129
1263.129
1263.129
1263.129
1263.129
1263.129
1263.129
1263.129
1263.129
1263.129
1263.129
1263.129
1263.129
1263.129
1263.129
1263.129
1263.129
1263.129
1263.129
1263.129
1263.129
1263.129
1263.129
1263.129
1263.129
1263.129
1263.129
1263.129
1263.129
1261.920
1261.920
1261.920
1261.920
1261.920
1261.920
1261.920
1261.920
1261.920
1261.920
1261.920
1261.920
1261.920
1261.920
1261.920
1261.920
1261.920
1261.920
1261.920
1261.920
1261.920
1261.920
1261.920
1261.920
1261.920
1261.920
1261.920
1261.920
1261.920
1261.920
1261.920
1261.920
1261.920
1261.920
1261.920
1261.920
1261.920
1261.920
1261.920
1261.920
1261.920
1261.920
1261.920
1261.920
1261.920
1261.920
1261.920
1261.920
1261.920
1261.920
1261.920
1261.920
1261.920
1261.920
1261.920
1261.920
1261.920
1261.920
1261.920
1261.920
1261.920
1261.920
1261.920
1261.920
1261.920
1261.920
1261.920
1261.920
1261.920
1261.920
1261.920
1261.920
1261.920
1261.920
1261.920
1261.920
1261.920
1261.920
1261.920
1261.920
1261.920
1261.920
1261.920
1261.920
1261.920
1261.920
1261.920
1261.920
1261.920
1261.920
1261.920
1261.920
1261.920
1261.920
1261.920
1261.920
1261.920
1261.920
1261.920
1261.920
1261.920
1261.920
1261.920
1261.920
1261.920
1261.920
1261.920
1261.920
1261.920
1261.920
1261.920
1261.920
1261.920
1261.920
1261.920
1261.920
1261.920
1261.920
1261.920
1261.920
1261.920
1261.920
1261.920
1261.920
1261.920
1261.920
1261.920
1261.920
1261.920
1261.920
1261.920
1261.920
1261.920
1261.920
1261.920
1261.920
1261.920
1261.920
1261.920
1261.920
1261.920
1261.920
1261.920
1261.920
1261.920
1261.920
1261.920
1261.920
1261.920
1261.920
1261.920
1261.920
1261.920
1261.920
1261.920
1261.920
1261.920
1261.920
1258.599
1258.599
1258.599
1258.599
1258.599
1258.599
1258.599
1258.599
1258.599
1258.599
1258.599
1258.599
1258.599
1258.599
1258.599
1258.599
1258.599
1258.599
1258.599
1258.599
1258.599
1258.599
1258.599
1258.599
1258.599
1258.599
1258.599
1258.599
1258.599
1258.599
1258.599
1258.599
1258.599
1258.599
1258.599
1258.599
1258.599
1258.599
1258.599
1258.599
1258.599
1258.599
1258.599
1258.599
1258.599
1258.599
1258.599
1258.599
1258.599
1258.599
1258.599
1258.599
1258.599
1258.599
1258.599
1258.599
1258.599
1258.599
1258.599
1258.599
1258.599
1258.599
1258.599
1258.599
1258.599
1258.599
1258.599
1258.599
