# Job size: 50, Route size 5, Operation size 10 
# Machine size: 10
4 18 6 15 16 23 3 14 6 3
12 11 9 5 6 7 30 4 11 14
1 6 8 8 24 6 1 1 10 8
29 28 24 2 10 9 11 21 6 7
19 6 8 3 2 23 27 24 20 18
# New job
7 4 4 3 12 15 20 4 19 10
3 17 1 26 15 9 15 14 11 23
10 13 3 31 18 13 3 17 13 24
26 26 27 12 18 4 31 3 33 26
13 22 2 9 6 2 10 11 24 17
# New job
7 1 25 8 19 8 6 20 8 6
26 15 6 5 12 8 3 5 11 10
16 5 3 19 12 21 19 10 16 1
7 12 6 6 6 3 27 24 10 8
12 3 14 22 5 9 9 6 6 29
# New job
12 13 23 3 28 2 6 18 3 22
4 7 28 16 22 24 12 10 8 2
1 22 3 23 9 27 25 1 6 14
20 8 16 15 1 4 13 9 10 29
30 9 8 15 26 2 1 10 9 5
# New job
1 4 8 9 4 13 3 3 17 12
1 19 12 22 12 3 8 21 5 32
18 3 9 10 14 15 1 16 1 4
22 9 6 7 11 11 9 16 16 34
18 13 2 9 19 3 2 1 12 8
# New job
13 10 14 6 24 4 12 5 1 16
5 21 22 6 11 4 24 13 11 30
4 14 1 4 1 13 19 15 10 8
9 16 21 16 10 2 18 5 11 3
7 6 1 7 10 3 6 14 1 4
# New job
5 13 8 2 23 12 2 16 17 1
16 16 7 24 7 15 10 15 7 19
9 14 14 8 6 11 5 10 15 19
2 4 13 1 10 14 11 19 19 9
10 10 17 23 1 20 18 11 17 6
# New job
19 14 10 5 15 4 6 8 18 18
20 18 42 18 11 1 4 22 8 25
5 2 26 19 5 13 4 14 4 17
1 2 5 7 1 19 19 1 16 27
3 11 19 11 21 9 7 12 3 12
# New job
19 14 10 13 6 9 9 13 20 2
15 10 3 7 6 16 11 23 2 12
10 33 5 30 18 7 19 11 23 23
5 4 6 9 2 11 11 5 1 6
16 10 12 16 11 16 17 25 16 16
# New job
20 2 16 25 10 16 21 9 8 3
11 6 8 1 4 26 4 1 26 30
27 10 8 23 11 20 7 9 5 9
2 5 6 5 9 16 20 8 11 5
11 22 9 7 17 22 22 8 14 5
# New job
11 8 15 1 4 16 7 12 16 16
7 18 8 8 33 5 2 7 13 26
2 22 7 5 25 2 13 4 23 7
11 8 12 15 18 13 25 5 1 5
5 13 22 13 11 5 10 1 14 1
# New job
19 7 3 12 3 15 8 2 5 16
10 1 6 18 2 4 13 13 9 23
24 20 8 13 13 14 8 13 13 2
5 15 21 16 1 8 8 30 4 5
15 14 13 10 11 1 6 23 16 21
# New job
5 9 1 11 30 1 15 1 11 4
11 7 14 6 19 1 2 12 23 12
16 10 21 20 13 8 2 15 4 18
1 19 12 5 6 1 3 27 16 5
2 22 13 1 18 14 3 8 10 6
# New job
8 3 27 26 7 9 6 12 14 15
16 23 29 2 4 1 3 13 9 17
9 9 8 10 37 21 27 11 2 4
13 3 13 6 2 4 10 12 6 7
4 8 15 7 10 5 10 7 4 4
# New job
3 11 20 2 1 18 13 2 11 25
5 28 6 6 3 5 17 14 5 30
1 1 11 15 5 18 26 3 8 18
12 15 15 10 5 4 1 8 2 7
2 15 10 2 12 12 18 13 1 21
# New job
11 1 6 19 11 11 5 14 26 2
2 2 5 3 11 7 8 19 22 2
3 10 20 8 6 28 1 24 11 19
15 9 15 25 4 4 5 9 4 13
17 6 18 21 6 1 26 7 6 18
# New job
15 5 3 23 14 39 5 5 12 2
22 8 5 5 35 8 12 6 17 17
13 2 17 29 4 22 6 2 10 7
15 2 4 2 1 8 10 8 12 20
1 19 13 4 7 2 11 16 4 1
# New job
12 9 20 2 23 17 10 10 11 6
17 13 12 7 46 9 10 2 6 10
4 25 10 15 20 22 10 9 1 13
23 9 7 9 6 9 6 5 22 2
3 7 26 12 4 11 12 43 3 22
# New job
8 7 8 25 7 7 12 35 7 37
13 6 18 1 3 5 9 34 15 21
15 12 13 26 5 13 21 15 24 13
7 5 17 31 11 21 4 5 1 9
1 4 10 7 8 2 5 8 3 1
# New job
14 9 18 9 16 4 6 20 11 13
22 36 16 9 6 5 19 30 25 13
11 2 2 21 2 6 13 8 2 9
3 5 13 17 14 8 17 5 12 2
5 11 4 19 16 10 6 11 4 7
# New job
7 3 5 28 9 17 12 6 12 6
4 17 7 14 14 6 4 2 16 29
6 9 12 11 4 15 17 38 4 3
9 3 5 5 10 2 10 25 7 7
18 22 15 18 9 1 12 2 1 1
# New job
9 13 36 1 10 15 30 2 18 4
6 5 31 4 17 2 21 9 19 7
2 4 8 18 2 9 19 5 8 7
26 1 1 2 2 3 3 20 6 1
7 8 4 4 18 5 9 23 2 30
# New job
12 23 3 31 2 4 4 4 7 26
2 10 2 6 7 13 15 12 20 7
6 19 20 5 5 4 7 36 4 11
23 7 3 2 16 11 13 4 14 6
10 5 24 3 8 12 8 10 6 16
# New job
6 8 5 21 4 11 8 23 22 2
3 10 10 7 3 13 19 5 5 4
13 10 11 3 1 9 13 5 10 2
6 13 1 11 3 21 18 19 16 25
12 5 3 6 11 9 21 11 6 14
# New job
2 7 11 12 14 22 2 4 14 9
2 2 24 17 22 15 5 2 8 10
14 12 1 4 9 18 1 2 5 11
5 6 4 7 6 21 6 1 2 5
11 16 28 2 2 14 7 5 3 28
# New job
2 3 12 12 16 12 13 19 12 22
7 6 25 8 1 8 9 3 17 13
1 21 4 17 7 17 24 11 4 16
8 5 23 13 21 14 6 10 10 18
10 15 8 2 10 12 10 3 15 4
# New job
3 16 7 25 23 2 9 13 20 4
3 5 24 9 1 8 1 12 21 3
2 5 18 3 2 13 14 1 25 19
2 24 12 6 4 13 5 6 21 7
11 11 12 8 12 5 2 19 4 3
# New job
5 7 23 17 25 26 3 15 1 9
12 13 20 6 9 14 12 13 48 31
15 1 4 4 6 22 17 19 34 15
6 10 2 13 4 24 12 11 17 23
10 5 25 1 4 27 7 5 5 11
# New job
8 18 17 5 28 14 7 7 5 5
8 2 39 15 5 2 13 7 32 25
13 1 7 8 6 4 29 11 23 15
13 10 10 10 6 24 4 18 16 4
11 2 6 17 2 11 12 3 3 9
# New job
5 12 5 14 9 22 14 22 1 12
14 7 6 18 16 30 7 18 11 12
1 3 16 22 16 3 28 13 11 1
4 12 11 10 1 4 21 16 1 7
7 21 24 3 4 4 22 11 21 26
# New job
13 28 35 16 23 12 13 4 13 19
7 5 32 5 5 12 8 7 18 1
1 6 10 14 8 26 4 2 10 12
3 15 7 16 13 8 2 6 12 8
18 14 5 3 22 5 14 6 3 12
# New job
4 15 1 7 23 8 11 16 3 12
4 29 11 7 1 26 33 4 6 29
17 16 12 8 16 17 14 2 6 16
14 9 4 13 11 3 11 2 11 12
16 20 4 26 14 22 1 1 11 3
# New job
9 5 3 10 1 12 23 5 20 3
1 36 6 24 8 11 5 7 5 4
16 19 2 20 31 7 9 2 26 12
8 3 16 10 1 17 18 5 24 15
25 26 1 27 3 8 14 8 11 25
# New job
10 22 27 29 24 5 9 5 8 5
3 14 10 16 12 5 1 32 4 13
14 3 10 18 10 3 20 6 3 14
5 20 8 14 9 12 23 2 27 19
12 14 23 11 16 9 1 18 4 4
# New job
16 10 10 6 5 1 2 20 6 14
9 8 13 14 8 20 12 2 11 11
22 19 18 20 5 15 16 5 5 23
9 15 12 6 14 6 2 9 15 18
4 8 3 18 5 21 17 3 2 19
# New job
3 9 13 11 2 4 5 6 8 25
8 12 16 5 31 11 5 8 13 9
3 19 7 17 13 16 2 3 4 10
1 2 10 4 5 12 14 4 16 13
25 37 43 4 10 19 10 12 2 21
# New job
5 3 7 3 1 8 13 30 2 6
6 12 22 10 24 14 5 4 17 1
9 27 5 5 16 9 24 1 5 10
11 14 5 3 7 21 9 13 5 30
8 14 1 14 11 30 34 13 6 22
# New job
10 7 27 26 10 20 3 5 6 16
15 5 3 15 4 13 2 13 21 4
15 1 32 10 2 2 11 5 2 1
15 29 14 3 8 4 3 18 13 7
18 13 11 18 4 4 16 8 6 1
# New job
12 15 25 7 8 2 9 5 26 13
5 2 15 5 19 18 15 18 13 12
2 15 4 5 20 12 3 16 32 13
24 4 2 2 3 6 15 2 5 12
16 3 2 8 1 6 2 16 4 4
# New job
8 19 13 23 9 10 2 10 3 8
2 8 16 1 14 7 13 3 20 3
9 1 10 2 3 27 1 5 9 21
10 4 14 16 9 22 1 6 1 5
25 29 15 15 15 8 33 5 4 6
# New job
9 14 23 7 21 2 8 8 7 15
14 15 14 7 3 12 11 3 20 12
4 17 6 6 16 22 11 5 16 4
17 4 17 3 15 9 10 7 13 13
8 2 2 25 19 4 2 7 22 11
# New job
18 22 4 1 3 15 11 17 1 21
18 5 3 7 6 2 2 13 8 17
22 13 5 12 12 4 28 5 10 7
6 8 20 2 14 10 18 1 4 20
8 10 19 30 11 12 13 9 8 10
# New job
5 8 6 10 3 8 14 9 13 23
7 8 22 1 11 24 25 2 4 5
5 10 28 3 22 13 19 28 3 18
27 5 16 3 10 3 15 31 22 21
11 11 10 9 27 14 4 7 12 5
# New job
5 1 17 37 8 5 6 5 13 23
17 28 3 7 11 2 7 6 22 18
9 6 23 1 20 11 20 2 32 3
23 23 21 6 6 8 1 10 13 14
16 15 2 12 15 10 20 8 2 7
# New job
14 1 6 14 6 35 6 24 20 8
3 6 7 9 13 10 15 3 17 7
19 12 12 10 11 11 31 3 2 16
29 4 5 2 8 7 14 16 3 14
7 24 9 17 11 19 20 15 24 5
# New job
8 3 19 4 19 5 15 2 9 19
13 10 15 8 4 18 10 7 11 10
8 9 9 4 17 7 4 20 1 10
19 21 22 6 16 21 2 15 3 14
9 39 7 2 15 12 21 13 7 9
# New job
9 7 4 8 28 1 4 2 1 5
21 14 14 7 14 2 18 18 7 1
9 33 2 11 33 4 25 15 10 20
4 8 7 11 10 20 6 12 14 4
28 5 16 4 6 19 7 14 2 3
# New job
4 5 20 12 1 20 5 8 3 1
19 4 13 2 37 13 3 8 1 6
1 11 24 14 24 16 24 19 17 22
13 19 24 7 13 6 5 14 31 9
2 20 12 3 2 9 31 11 7 18
# New job
10 9 11 13 1 2 10 20 10 8
6 20 13 4 40 27 1 7 3 4
7 7 13 13 6 7 2 30 1 8
28 21 15 15 8 5 11 1 7 10
6 9 13 22 8 27 1 5 16 9
# New job
10 3 14 9 3 23 9 36 3 1
4 15 5 2 6 9 17 28 24 13
1 6 33 8 5 2 44 10 14 10
9 8 17 19 9 7 28 3 6 9
22 12 3 18 9 24 19 15 7 5
# New job
