# Job size: 25, Route size 5, Operation size 10 
# Machine size: 5
42 4 11 5 4 6 2 15 16 24
2 2 32 2 11 11 2 7 32 1
2 13 3 2 4 10 9 13 8 21
3 13 13 4 5 25 22 3 15 29
1 14 1 3 16 9 21 6 5 7
# New job
3 7 19 4 6 1 27 11 14 12
21 3 6 18 10 27 22 9 1 26
11 11 10 7 1 22 5 11 5 1
4 3 27 7 9 13 3 1 18 9
20 20 7 29 19 25 18 20 14 11
# New job
5 9 24 20 9 6 9 6 2 15
2 6 5 4 6 12 8 25 13 2
2 35 15 4 6 4 14 23 1 29
20 8 3 2 27 7 17 24 15 3
27 17 18 10 10 14 21 17 8 10
# New job
6 23 10 2 2 19 6 6 5 3
1 7 19 15 5 10 7 11 4 9
23 2 4 6 8 2 2 6 7 1
10 17 2 8 2 15 5 18 3 2
18 17 18 4 26 2 14 9 1 5
# New job
7 10 9 1 9 3 25 1 9 1
9 14 20 18 1 36 6 29 6 10
10 23 6 13 1 22 16 8 10 14
8 13 14 27 3 7 14 8 42 1
2 4 9 9 3 1 5 7 3 14
# New job
10 26 4 5 22 18 12 7 3 5
15 23 25 1 1 6 10 19 12 13
7 2 10 17 2 24 24 15 6 16
9 3 12 24 2 17 21 6 10 25
10 11 16 20 21 6 9 16 28 6
# New job
10 3 1 5 14 6 10 32 22 2
5 29 16 3 20 2 2 3 8 13
11 2 13 28 3 1 10 1 14 3
13 1 4 19 15 7 2 29 13 19
15 17 22 13 8 18 27 1 5 4
# New job
1 3 7 4 11 3 5 6 11 27
1 14 25 10 10 4 7 6 7 5
10 1 16 6 22 6 1 8 11 10
11 1 11 14 2 10 3 17 13 20
13 20 14 6 5 6 13 9 23 4
# New job
14 2 7 9 1 1 1 1 3 19
27 11 11 2 35 10 9 1 2 3
4 2 5 20 9 14 6 5 1 15
15 5 15 13 25 12 10 28 7 18
1 9 16 20 20 8 21 15 22 19
# New job
9 12 7 4 7 1 17 14 2 21
11 8 14 12 3 7 25 7 2 9
1 6 1 10 3 4 17 5 21 8
8 28 4 7 5 9 6 11 5 18
1 7 13 14 34 3 6 13 19 18
# New job
17 11 20 2 5 15 8 19 8 9
12 6 2 24 5 10 10 16 21 12
14 8 3 10 3 4 18 7 10 2
12 5 1 10 23 23 1 3 27 4
5 7 5 17 6 24 23 2 20 42
# New job
8 1 12 17 1 5 23 13 13 1
7 2 21 4 4 9 10 17 6 1
1 14 23 6 4 6 6 9 18 11
20 10 5 12 3 11 17 6 2 20
4 16 2 14 30 18 1 21 3 13
# New job
24 16 3 8 5 18 3 4 8 4
8 3 19 17 14 7 18 6 22 15
1 3 11 4 12 1 14 11 6 28
23 7 5 14 3 2 8 4 18 3
23 6 3 13 11 3 27 15 4 6
# New job
14 14 13 1 3 1 17 7 14 2
8 23 7 6 4 5 13 10 1 3
2 3 17 6 15 2 6 16 32 17
3 18 3 4 6 5 10 17 12 6
44 10 27 15 26 5 8 14 4 7
# New job
15 11 6 15 6 14 11 9 10 8
15 10 8 7 12 4 9 27 16 4
12 11 16 7 13 2 4 14 7 7
17 20 15 21 24 17 13 4 4 7
7 13 10 8 3 20 1 4 17 7
# New job
5 18 22 13 12 40 1 1 10 8
2 14 26 25 18 1 10 1 5 15
8 23 7 6 6 1 24 40 4 20
16 18 7 19 4 14 12 8 7 15
2 7 29 3 7 17 9 16 20 15
# New job
8 8 5 1 10 10 1 8 12 6
12 16 15 5 5 7 12 10 11 1
13 16 29 3 16 10 6 29 6 17
2 14 12 7 7 13 18 21 3 13
29 18 13 4 6 1 4 19 3 19
# New job
36 2 8 11 5 12 15 14 2 1
13 2 6 20 8 26 19 3 18 6
24 2 8 13 13 21 15 4 19 23
17 1 18 10 22 3 25 26 6 9
8 15 6 18 2 12 6 13 13 30
# New job
24 10 25 19 11 4 8 37 1 6
3 7 2 20 13 30 7 10 5 2
8 7 15 11 18 18 3 3 5 21
23 5 24 26 1 16 1 7 6 6
11 10 14 20 5 1 4 23 15 9
# New job
5 5 7 6 26 15 22 6 1 21
3 26 9 8 18 4 6 2 13 26
30 4 2 9 8 9 3 18 13 1
24 2 23 4 9 7 6 6 15 5
15 22 12 14 1 12 18 10 5 15
# New job
32 49 30 3 3 12 17 16 1 14
12 3 9 9 10 3 10 10 21 1
12 15 10 14 20 13 20 8 16 5
4 18 19 4 8 3 12 5 28 16
14 12 23 24 11 2 6 2 1 12
# New job
1 1 21 13 24 17 6 1 5 12
3 12 17 12 2 2 19 1 3 11
5 29 25 18 2 7 13 9 12 5
12 11 3 14 6 5 17 6 26 16
24 21 2 9 8 18 2 11 12 29
# New job
18 2 3 19 1 5 1 32 22 3
5 8 1 17 5 8 30 7 3 5
17 8 9 11 11 4 11 26 14 5
18 3 4 11 8 2 12 19 3 8
36 19 4 9 27 13 20 12 6 18
# New job
4 23 13 6 2 17 4 13 28 4
18 20 8 28 8 8 2 22 25 6
16 8 12 9 11 8 12 6 9 6
23 4 9 9 13 18 13 13 24 11
1 17 20 23 5 2 26 24 13 4
# New job
1 33 22 9 8 18 18 6 24 12
11 18 30 9 16 5 9 8 12 21
8 21 9 4 13 12 1 7 5 14
8 3 10 17 16 11 12 14 8 6
21 16 1 24 13 16 2 7 9 15
# New job
