1
20
71
79
133
144
151
155
168
169
176
184
222
222
261
275
276
292
302
304
319
323
329
365
371
371
416
420
446
486
509
514
550
562
574
581
585
585
595
600
605
608
610
671
672
692
704
707
726
740
754
797
803
825
833
838
885
900
901
905
960
970
989
1000
1001
1010
1024
1047
1082
1090
1092
1100
1109
1111
1129
1132
1134
1136
1158
1165
1173
1201
1221
1223
1231
1266
1286
1300
1334
1352
1390
1395
1397
1404
1423
1434
1448
1481
1483
1519
1533
1546
1590
1603
1608
1619
1645
1674
1681
1688
1693
1694
1701
1708
1708
1772
1775
1811
1824
1824
1833
1839
1847
1868
1875
1895
1915
1930
1972
1979
1986
1997
2009
2031
2078
2083
2086
2111
2134
2177
2200
2204
2216
2216
2262
2300
2300
2316
2347
2361
2394
2410
2476
2495
2531
2554
2563
2576
2606
2613
2633
2639
2699
2707
2709
2711
2724
2738
2751
2760
2761
2882
2926
2946
2950
2951
2961
2995
2995
2998
3032
3048
3082
3087
3137
3277
3281
3299
3332
3367
3428
3441
3447
3462
3485
3508
3542
3554
3556
3567
