45
59
93
114
148
153
159
172
249
290
342
367
377
384
389
393
393
417
422
429
477
478
502
515
534
547
568
622
630
633
639
644
653
653
669
695
698
746
775
798
816
847
853
865
881
907
908
910
930
994
1003
1024
1036
1131
1139
1172
1216
1217
1243
1263
1269
1336
1352
1379
1402
1419
1423
1423
1427
1485
1525
1526
1528
1537
1537
1548
1557
1580
1584
1598
1600
1600
1622
1622
1622
1622
1646
1658
1662
1665
1665
1723
1729
1768
1770
1788
1795
1805
1839
1839
1855
1900
1902
1924
1926
2007
2007
2009
2038
2052
2056
2089
2101
2111
2139
2173
2260
2285
2287
2301
2420
2434
2506
2517
2561
2595
2640
2678
2681
2706
2712
2728
2733
2751
2757
2762
2793
2804
2834
2847
2850
2921
2924
2933
2966
3007
3011
3068
3144
3147
