21
33
42
51
98
111
112
138
160
167
192
199
218
277
339
369
374
383
414
424
498
502
521
540
572
596
606
609
609
631
632
662
662
670
672
703
762
768
800
844
882
891
893
920
922
943
945
971
985
1012
1053
1059
1075
1080
1132
1132
1137
1212
1218
1228
1230
1315
1343
1346
1363
1367
1419
1436
1449
1494
1498
1499
1537
1559
1562
1585
1600
1645
1714
1740
1746
1820
1826
1834
1871
1880
1888
1898
1949
1959
1971
1986
1996
2054
2056
2056
2088
2090
2098
2099
2103
2107
2122
2122
2159
2179
2215
2227
2227
2240
2254
2257
2262
2300
2383
2391
2407
2413
2425
2427
2481
2484
2516
2586
2591
2654
2663
2703
2721
2735
2759
2785
2786
2806
2812
2821
2835
2836
2900
2950
2955
2982
2988
2997
2998
3016
3034
3078
3083
3106
3121
3145
3146
3147
3152
3167
3172
3175
3204
3242
3242
3249
3266
3275
3310
3384
3390
3409
3439
3442
3476
3477
3478
3539
3550
