19
32
70
76
110
115
156
161
172
254
266
267
271
325
355
380
413
414
425
429
466
470
489
494
505
546
586
586
591
593
617
638
650
651
655
675
694
696
701
704
734
762
764
782
783
808
812
814
824
835
893
900
966
980
988
991
992
1009
1038
1083
1115
1147
1168
1171
1190
1203
1204
1215
1240
1253
1253
1258
1302
1326
1326
1327
1339
1347
1362
1366
1366
1375
1387
1416
1428
1442
1478
1533
1561
1616
1649
1655
1672
1681
1705
1708
1714
1716
1718
1731
1748
1759
1763
1827
1829
1848
1851
1862
1887
1907
1914
1941
1968
1975
2012
2013
2079
2085
2119
2138
2139
2150
2153
2165
2166
