# Job size: 175, Route size 3, Operation size 10 
# Machine size: 35
13 12 32 7 15 11 19 7 20 25
30 19 1 27 16 13 21 15 19 3
27 6 0 17 24 18 0 4 13 26
# New job
29 29 6 34 3 25 22 14 14 33
17 18 4 0 28 33 19 26 34 23
14 3 24 1 5 33 30 9 29 31
# New job
15 19 32 4 29 32 4 2 23 20
9 8 19 0 6 10 25 27 17 9
22 25 6 29 1 11 34 16 18 5
# New job
20 23 1 0 27 18 11 33 9 9
4 2 2 19 25 0 20 17 1 6
5 7 34 2 0 17 20 22 31 34
# New job
34 15 26 12 13 17 27 5 23 31
7 7 22 24 33 28 0 18 30 26
2 7 30 3 26 30 4 2 27 18
# New job
4 8 17 13 29 15 32 5 9 24
12 18 8 21 26 28 31 25 34 8
3 11 9 2 9 3 21 14 6 27
# New job
9 11 21 17 15 21 30 18 12 23
28 32 12 9 7 29 17 28 19 0
19 20 1 31 18 14 6 32 6 18
# New job
6 0 33 14 3 0 12 24 31 20
28 6 19 27 28 31 1 10 21 4
24 17 3 26 8 22 1 4 28 18
# New job
17 17 21 20 29 31 18 16 16 4
34 21 14 34 8 26 4 16 6 25
6 19 32 26 7 22 18 5 20 3
# New job
34 30 15 25 10 31 24 29 29 10
0 34 26 4 16 4 0 3 31 6
24 25 31 25 29 26 19 2 29 32
# New job
3 5 33 24 14 32 3 33 25 11
3 3 2 0 3 19 21 9 15 29
12 30 18 0 7 31 19 4 7 26
# New job
3 6 16 0 6 34 7 6 28 22
11 15 22 23 25 23 32 17 16 33
24 21 28 28 16 27 17 24 15 10
# New job
7 11 15 19 4 1 9 10 24 12
17 12 3 34 18 15 18 11 5 11
31 22 10 18 15 26 21 28 21 32
# New job
3 22 13 25 26 15 30 27 19 24
23 8 32 33 13 14 2 0 34 11
33 25 23 4 5 27 24 22 14 3
# New job
31 9 5 3 19 20 18 0 18 28
0 5 11 13 23 6 22 18 21 5
11 16 14 11 26 9 15 18 2 10
# New job
10 21 16 31 31 11 12 2 26 23
13 3 17 2 18 15 25 14 12 27
16 31 34 29 9 30 10 10 3 4
# New job
12 5 8 14 24 9 11 26 31 17
24 1 32 23 12 9 31 8 21 23
34 5 31 31 15 4 25 3 18 22
# New job
2 30 17 25 15 10 10 28 32 32
20 12 11 24 5 3 15 23 10 22
21 15 4 1 2 22 18 32 6 4
# New job
25 15 23 27 27 22 2 6 7 4
11 21 29 3 12 30 5 24 17 27
17 19 25 26 7 15 28 3 24 21
# New job
28 3 22 9 3 16 19 22 26 31
20 18 31 1 28 4 33 17 11 29
30 4 30 30 26 16 4 8 27 7
# New job
14 2 29 32 1 4 4 3 22 9
24 9 32 26 3 6 11 31 1 5
4 4 25 3 22 29 1 5 14 9
# New job
24 29 29 11 7 6 4 9 6 5
26 15 10 8 11 9 11 0 3 7
12 19 9 1 17 5 4 17 23 16
# New job
27 28 2 9 6 23 9 32 27 27
31 6 10 11 2 28 34 4 2 11
21 19 33 0 31 1 13 14 5 15
# New job
21 0 28 19 5 25 0 27 29 10
21 22 33 19 13 30 26 18 19 33
2 30 24 18 32 24 12 2 26 32
# New job
34 4 26 12 14 32 17 20 0 27
30 0 25 34 0 30 0 32 6 15
28 34 26 8 12 3 27 1 0 18
# New job
10 15 11 22 14 7 0 17 14 18
25 17 24 29 28 31 26 32 31 12
1 26 18 1 19 23 7 9 8 15
# New job
27 34 8 21 18 8 19 1 10 24
8 33 5 26 22 25 11 24 29 26
28 9 22 21 10 31 5 31 20 11
# New job
28 29 13 20 22 11 19 31 19 11
21 8 5 25 3 27 13 4 17 6
27 17 4 7 25 21 6 21 6 22
# New job
32 33 6 31 25 16 25 15 34 28
19 12 7 21 26 20 5 8 8 6
30 23 25 17 21 29 22 32 1 4
# New job
20 33 18 21 21 11 24 5 32 15
15 19 18 30 21 2 9 21 28 13
21 33 29 34 18 16 8 3 34 27
# New job
19 22 26 7 18 22 20 1 24 11
0 29 10 24 31 3 17 16 18 14
3 30 17 8 23 5 4 34 13 2
# New job
14 27 31 6 28 25 23 5 17 17
19 13 0 11 6 0 8 6 31 30
23 16 1 4 33 24 15 16 16 31
# New job
7 10 18 29 26 6 8 14 3 15
2 23 5 20 18 16 24 13 10 4
28 14 26 7 27 34 0 12 32 18
# New job
2 0 5 19 12 13 23 14 22 13
23 26 26 18 22 6 4 13 8 10
6 15 5 17 26 20 31 33 9 13
# New job
0 5 29 19 15 3 30 6 9 30
5 17 6 7 1 9 4 25 15 33
16 19 2 9 23 23 13 21 12 11
# New job
25 0 29 10 1 1 23 12 0 13
30 2 2 29 13 11 5 8 14 21
0 11 1 2 10 5 20 3 1 17
# New job
11 20 23 27 33 34 30 4 25 20
23 6 0 27 0 34 8 7 30 23
18 27 22 31 5 21 29 26 11 22
# New job
5 0 31 9 33 6 8 26 16 19
28 29 14 25 3 9 34 13 1 16
27 28 12 15 14 22 11 32 11 12
# New job
31 16 9 33 0 23 13 22 3 34
31 3 22 2 31 10 24 15 0 12
33 21 10 19 25 17 7 26 34 25
# New job
15 33 32 16 10 14 21 9 20 8
3 23 23 3 33 24 11 20 26 6
15 27 23 8 32 14 31 19 32 25
# New job
6 15 9 22 3 25 26 8 1 5
28 2 3 30 27 17 15 4 20 11
23 17 18 4 22 13 21 3 6 27
# New job
5 25 20 11 13 8 17 0 33 25
30 24 6 30 6 33 23 15 9 22
32 5 23 4 32 15 29 33 18 16
# New job
26 16 28 10 9 18 29 15 10 0
18 25 14 19 34 33 14 31 31 3
5 21 9 12 30 12 10 27 27 0
# New job
4 28 2 32 27 13 27 31 17 6
6 16 20 20 26 8 5 21 11 32
34 3 30 14 15 33 11 15 3 0
# New job
23 23 24 8 2 3 21 17 16 18
14 11 12 17 25 21 20 1 18 6
6 13 32 30 7 9 15 4 11 23
# New job
31 16 16 20 10 32 24 18 25 28
16 5 14 8 33 2 7 32 4 2
31 7 29 7 16 27 23 0 31 13
# New job
23 24 8 0 10 33 14 28 21 32
0 20 14 30 16 30 18 24 5 4
12 8 29 33 12 23 1 10 9 30
# New job
6 24 3 18 6 4 31 34 28 13
10 2 22 32 26 3 18 7 13 11
33 6 26 17 7 19 8 4 4 5
# New job
3 32 17 15 12 21 30 3 17 21
17 17 19 4 12 25 28 13 22 25
25 5 30 3 15 9 9 30 13 14
# New job
3 7 13 22 21 30 25 16 31 23
19 7 2 4 11 14 29 30 31 3
10 32 11 10 29 16 7 22 6 22
# New job
25 28 19 10 27 0 21 28 14 8
20 26 29 11 30 34 3 23 9 32
14 17 12 0 3 10 22 31 18 29
# New job
26 6 19 28 18 28 24 0 33 18
24 10 31 22 32 27 30 9 19 15
9 33 12 2 26 24 12 23 16 8
# New job
4 26 8 7 32 33 0 31 14 33
21 19 3 31 16 28 25 19 31 23
11 14 13 30 31 31 1 10 23 25
# New job
20 9 23 26 30 4 20 7 4 27
8 6 4 33 29 15 31 0 26 1
5 2 29 13 17 22 25 16 23 32
# New job
10 1 6 13 17 0 2 32 23 34
0 6 1 18 13 15 34 7 0 30
5 18 6 32 21 23 25 7 18 23
# New job
6 24 32 16 23 17 14 7 9 21
26 13 20 6 22 33 20 11 1 20
34 28 30 33 32 1 14 10 14 0
# New job
16 33 32 14 29 5 10 33 15 11
33 3 4 20 14 10 24 5 6 20
32 15 7 16 31 9 16 21 20 7
# New job
34 33 21 11 28 30 12 29 10 20
28 20 30 13 6 21 25 18 12 12
33 26 10 25 2 0 15 28 28 30
# New job
16 34 32 18 18 14 10 17 26 2
13 29 34 22 25 20 20 33 12 24
4 21 34 21 30 27 10 13 1 16
# New job
32 30 14 2 14 20 20 29 33 1
14 19 27 29 26 12 11 6 7 29
15 3 25 23 4 4 32 28 21 29
# New job
13 12 21 22 11 28 13 30 25 25
3 16 23 17 18 34 34 1 7 17
11 33 34 5 6 25 20 26 23 6
# New job
29 4 14 32 27 11 0 6 27 6
15 11 3 17 28 8 33 2 23 20
30 21 33 9 21 13 8 18 23 20
# New job
20 16 16 16 15 26 3 3 4 6
5 3 34 30 28 24 5 6 29 12
18 19 32 16 14 25 6 16 14 31
# New job
32 29 2 14 13 23 7 2 14 31
17 1 31 33 19 28 1 19 16 2
26 22 26 3 19 22 29 2 30 16
# New job
10 11 0 16 21 34 6 21 5 20
6 13 10 22 12 30 30 14 10 11
7 29 29 5 3 26 14 9 9 24
# New job
2 11 4 12 13 17 17 2 1 17
3 30 8 27 15 29 28 26 15 32
14 7 16 9 25 34 14 10 16 9
# New job
15 16 16 5 11 16 10 26 15 5
1 9 8 29 32 28 11 31 7 22
19 1 15 21 5 2 32 32 25 18
# New job
15 26 34 8 30 13 25 30 26 26
20 18 34 7 26 15 5 28 30 32
4 2 16 6 6 24 14 33 4 25
# New job
5 22 24 27 32 13 30 9 21 30
14 24 12 24 24 18 6 13 34 9
0 24 10 7 11 17 12 29 24 9
# New job
20 23 27 0 4 16 4 23 28 30
22 20 8 29 16 4 13 13 29 1
0 9 16 11 14 6 18 29 19 30
# New job
9 2 8 9 19 13 27 8 9 27
5 27 30 18 7 7 25 11 7 7
1 29 30 33 19 4 16 6 31 2
# New job
21 34 34 6 4 12 30 23 28 34
13 10 4 9 7 10 25 3 1 27
6 28 24 9 34 15 8 22 6 29
# New job
15 19 0 4 26 30 13 13 28 2
14 32 29 25 10 27 0 6 4 7
0 4 26 26 0 4 0 32 24 13
# New job
9 0 32 34 2 25 28 27 30 15
29 23 18 8 5 1 14 6 5 30
9 13 27 2 34 33 13 3 6 6
# New job
7 26 18 22 29 14 6 2 22 28
24 30 26 5 17 26 19 13 8 30
27 24 17 20 32 27 1 2 29 10
# New job
28 30 1 19 22 19 27 22 3 20
18 23 4 20 34 19 31 32 11 17
15 3 31 31 17 27 20 30 16 31
# New job
34 31 21 18 16 2 12 23 23 24
12 31 26 4 22 13 2 13 31 4
4 10 6 13 14 21 31 1 24 1
# New job
27 0 27 9 19 13 25 23 18 14
9 20 8 5 26 31 5 4 25 0
17 26 5 34 8 10 31 6 8 14
# New job
1 3 31 4 7 32 3 16 28 32
12 1 8 0 32 15 3 32 1 7
27 28 9 34 11 24 29 5 10 14
# New job
9 3 14 32 17 9 21 9 26 21
6 31 31 32 12 13 20 7 31 29
7 24 30 16 13 5 30 31 20 27
# New job
28 24 26 34 5 9 30 27 19 17
9 6 10 15 7 31 12 1 4 1
16 22 0 24 31 30 7 19 25 7
# New job
4 32 1 31 15 11 6 23 19 6
11 6 34 34 2 29 9 30 14 25
21 19 2 11 29 13 16 21 23 28
# New job
0 15 32 21 12 11 24 21 0 19
13 20 33 30 12 3 6 5 25 12
2 2 34 1 18 28 11 16 29 8
# New job
14 3 5 13 26 23 27 15 29 23
8 0 11 0 7 22 4 33 25 31
21 21 10 30 0 26 14 7 13 14
# New job
20 30 17 16 31 1 22 23 19 16
8 7 15 27 26 25 29 18 20 8
16 24 5 28 7 2 2 12 14 13
# New job
24 0 34 5 19 13 23 32 3 13
34 16 34 3 16 19 22 3 34 9
9 15 4 23 14 3 15 15 19 14
# New job
32 0 25 9 2 27 17 10 25 15
33 16 12 4 21 24 24 31 33 11
32 12 24 21 32 12 20 23 31 13
# New job
14 30 1 31 24 31 28 20 20 7
27 24 8 2 26 10 32 13 33 31
30 33 30 12 18 16 1 16 31 27
# New job
20 17 26 26 15 21 10 9 17 10
32 13 34 6 10 21 2 21 15 23
34 12 15 14 4 31 15 10 6 23
# New job
5 13 0 8 19 27 0 15 18 29
15 16 4 32 3 20 2 17 9 34
12 16 7 3 23 0 8 3 1 29
# New job
11 18 17 9 27 32 31 12 9 19
6 33 15 6 19 9 11 25 25 18
29 19 24 20 13 5 24 20 21 15
# New job
33 24 12 12 25 8 19 13 34 30
25 32 29 33 3 17 1 8 21 33
2 22 10 32 19 29 3 7 27 15
# New job
12 3 34 21 32 13 7 31 18 6
11 5 14 17 33 6 8 5 5 3
21 15 28 1 10 23 18 11 12 8
# New job
27 11 21 7 27 22 25 4 26 21
6 15 34 5 28 19 1 24 27 22
19 10 11 25 15 25 24 29 2 13
# New job
4 32 14 18 33 2 32 2 3 0
30 8 28 33 4 9 14 10 25 20
20 33 26 4 34 25 26 20 23 24
# New job
32 31 14 7 6 32 20 10 21 0
6 8 11 14 25 7 11 29 22 8
30 3 10 27 7 28 16 34 4 25
# New job
3 33 6 32 23 19 17 29 26 2
22 23 11 4 21 16 28 25 9 11
20 30 6 31 11 14 17 20 9 34
# New job
19 4 2 1 19 24 3 14 12 22
18 20 13 27 31 4 20 28 25 23
2 15 9 20 27 27 7 18 18 16
# New job
2 3 14 28 33 32 5 33 21 7
11 4 0 23 11 5 27 1 5 13
19 22 27 1 22 12 29 31 11 18
# New job
4 31 4 3 20 18 7 16 13 14
22 34 7 10 25 28 0 4 9 29
6 21 11 25 19 14 27 0 15 27
# New job
14 34 23 20 16 27 12 21 17 32
33 8 0 19 14 16 4 9 18 17
10 1 30 2 29 29 24 5 14 10
# New job
21 15 28 34 13 34 34 31 20 16
1 2 8 22 8 12 12 0 29 13
1 9 28 6 11 18 18 33 16 3
# New job
6 22 3 24 5 29 21 2 18 8
27 20 19 24 32 4 32 15 15 31
24 23 8 19 12 2 2 14 19 17
# New job
34 24 4 11 13 23 6 8 7 31
17 8 11 3 7 29 25 29 28 4
29 4 22 15 29 13 5 9 20 1
# New job
5 4 16 16 33 2 18 24 5 13
15 21 14 26 18 20 12 18 34 22
34 10 24 9 7 18 19 23 26 30
# New job
21 30 26 34 26 33 27 31 31 4
23 11 22 9 3 2 13 33 3 16
20 34 3 4 24 9 14 32 2 2
# New job
33 4 16 19 14 24 0 20 21 21
7 5 19 3 18 18 34 28 21 10
26 31 22 5 24 12 31 21 3 33
# New job
32 16 10 11 2 13 6 11 27 1
31 18 28 21 34 26 24 21 7 18
16 11 14 24 5 27 8 22 26 33
# New job
26 14 30 20 5 30 28 1 3 26
10 26 1 19 20 29 22 29 26 10
4 13 23 17 16 12 4 13 6 17
# New job
33 16 31 23 17 19 29 3 29 13
10 24 2 23 3 27 32 16 32 22
20 26 12 18 10 17 11 23 17 26
# New job
17 1 34 3 5 27 6 25 27 13
9 17 16 31 26 5 7 5 26 29
25 16 14 3 17 34 34 2 21 1
# New job
11 25 14 33 24 11 8 14 12 17
3 2 24 19 32 8 11 3 12 18
18 14 22 28 22 8 13 14 9 34
# New job
31 5 12 31 4 9 14 32 12 23
21 20 4 3 20 2 22 15 20 13
31 14 5 19 27 28 16 21 13 9
# New job
5 30 25 8 33 6 10 8 22 3
23 15 22 13 3 12 7 16 18 34
13 31 30 16 31 16 15 4 9 14
# New job
28 7 6 26 7 18 12 11 20 32
31 5 33 23 27 24 14 1 16 10
20 10 20 4 8 27 10 21 22 2
# New job
3 12 25 8 2 4 13 16 11 21
33 4 34 6 9 29 6 5 23 13
11 5 9 20 3 16 31 21 33 1
# New job
2 4 26 31 28 5 20 25 11 28
7 6 34 0 11 23 20 14 5 4
3 19 30 29 2 12 27 31 29 32
# New job
30 3 7 4 3 8 34 9 10 18
4 22 26 31 20 17 28 14 31 34
8 1 18 11 29 34 20 34 21 3
# New job
4 13 4 26 16 4 15 5 6 33
19 14 17 11 26 22 12 25 33 23
27 26 28 6 2 31 33 13 7 1
# New job
25 33 32 31 10 29 30 22 3 31
13 4 27 30 5 1 28 14 6 19
30 6 14 2 16 17 28 15 27 33
# New job
23 19 27 30 33 31 10 33 23 10
23 34 25 18 33 21 24 18 18 5
18 31 0 23 4 1 22 1 24 28
# New job
4 28 31 26 16 30 32 5 3 29
21 17 31 12 12 11 7 2 23 4
9 10 10 1 13 13 28 30 27 28
# New job
32 15 31 26 31 11 21 4 21 27
34 13 21 5 6 13 23 8 4 7
29 15 28 19 22 21 34 12 13 22
# New job
10 24 15 0 19 28 33 8 33 5
32 26 29 31 30 1 24 2 12 16
16 34 25 32 32 28 0 30 23 33
# New job
2 24 33 6 13 3 4 7 18 15
5 1 7 12 17 25 27 0 8 20
21 0 30 10 2 23 26 23 28 12
# New job
33 5 15 13 6 32 17 13 15 27
8 1 29 4 8 0 15 16 17 3
13 2 29 8 5 26 8 16 6 8
# New job
34 32 34 30 18 3 19 25 1 12
20 0 27 1 16 11 28 21 22 18
29 17 24 15 7 14 1 11 16 16
# New job
30 4 33 5 3 8 0 32 19 25
3 21 18 28 12 11 34 25 27 23
31 16 6 31 22 9 11 9 8 18
# New job
24 31 5 8 26 16 28 10 21 11
24 8 21 8 17 8 18 12 11 11
8 32 21 8 27 32 25 1 32 6
# New job
0 23 32 21 26 13 32 6 14 24
30 10 29 30 28 2 31 11 15 2
19 10 8 16 33 18 16 26 24 30
# New job
24 23 4 6 28 18 20 12 16 8
32 28 9 17 29 30 7 33 11 31
29 10 14 18 10 10 1 24 31 33
# New job
29 23 7 11 16 11 5 17 22 17
19 6 2 9 5 20 3 27 23 11
7 32 29 25 27 9 24 29 16 31
# New job
20 23 24 17 2 20 4 25 8 4
0 21 4 9 9 29 18 10 10 12
23 27 28 0 10 17 8 21 32 3
# New job
32 10 32 28 33 22 2 18 16 22
18 32 23 10 26 21 30 19 32 6
3 12 3 4 24 18 5 3 15 30
# New job
34 0 13 22 18 19 7 6 20 33
14 0 23 25 24 2 10 0 4 28
5 24 23 29 6 19 7 26 18 10
# New job
13 4 34 11 3 0 2 26 13 5
19 32 7 14 10 14 0 27 8 27
16 29 1 21 29 27 2 17 10 32
# New job
0 18 9 7 3 25 30 0 17 31
30 8 31 33 9 30 5 24 9 32
13 30 31 14 25 5 5 4 34 10
# New job
25 0 5 19 13 6 28 0 7 18
6 17 0 15 0 9 12 34 33 26
2 17 11 10 27 12 33 4 7 17
# New job
29 28 20 3 29 15 10 30 16 13
27 21 6 30 7 11 10 33 14 4
17 17 10 14 19 3 9 12 5 5
# New job
30 10 18 22 27 23 1 21 13 1
23 30 31 1 24 24 25 8 26 6
17 5 26 12 17 29 12 7 0 12
# New job
6 17 17 10 27 19 4 12 3 6
6 13 1 23 11 9 6 31 23 29
3 27 21 21 28 9 4 12 33 30
# New job
5 14 17 24 18 19 32 24 20 1
20 31 24 33 0 8 33 13 19 15
24 25 13 29 21 17 17 18 17 10
# New job
10 4 5 26 5 19 26 15 15 0
2 14 30 32 31 17 26 25 34 0
23 4 23 26 23 15 6 3 18 23
# New job
24 15 12 18 2 16 32 8 18 10
0 3 3 22 34 22 29 30 18 3
11 23 16 10 32 26 1 15 18 32
# New job
11 27 6 22 32 1 16 12 2 32
2 19 24 9 12 13 17 23 14 17
5 13 31 24 15 18 20 8 10 7
# New job
3 34 14 6 32 19 1 26 22 8
21 13 21 19 34 17 0 33 13 4
31 0 21 0 21 21 19 5 12 0
# New job
33 16 13 34 16 18 25 0 29 27
22 21 15 32 6 13 30 23 7 8
12 23 28 3 7 34 19 14 13 22
# New job
9 18 5 24 33 20 15 6 10 13
27 14 18 20 33 33 16 24 15 3
25 27 6 4 13 17 13 15 16 3
# New job
30 6 9 24 24 18 24 26 16 5
17 13 12 20 10 27 25 29 3 3
22 10 32 16 34 3 13 29 24 0
# New job
30 32 15 23 10 13 8 30 29 0
14 18 3 2 2 16 1 33 22 6
13 4 28 3 20 10 20 30 13 19
# New job
30 24 10 23 2 10 10 12 8 25
11 6 25 7 24 33 18 10 1 34
14 23 15 25 26 10 6 23 13 7
# New job
29 13 5 11 28 13 17 4 21 9
3 19 6 28 12 25 19 1 20 26
31 18 8 10 14 11 28 11 27 8
# New job
26 4 11 32 19 25 29 24 1 25
16 13 34 5 2 2 7 4 22 9
22 31 29 33 26 4 23 6 28 20
# New job
18 13 7 21 32 11 14 9 26 31
22 17 27 15 21 12 13 2 28 34
12 18 25 22 14 10 13 29 18 10
# New job
1 12 33 23 20 17 12 4 10 14
15 10 22 17 32 20 13 29 9 7
10 21 20 7 4 28 25 9 15 9
# New job
15 0 22 24 29 6 10 7 31 24
1 7 31 3 30 17 1 25 17 15
7 22 24 28 9 0 19 33 17 11
# New job
30 28 19 4 23 18 9 19 21 34
18 31 7 29 8 31 26 32 28 13
15 14 11 26 9 11 13 6 10 27
# New job
12 9 19 20 7 24 22 4 25 22
17 27 3 33 29 4 26 3 12 8
30 24 31 21 17 10 31 2 34 20
# New job
9 27 8 22 5 24 27 22 19 26
31 31 12 8 14 34 9 14 5 24
30 0 8 29 20 27 14 10 27 3
# New job
26 3 19 9 11 22 16 5 7 29
22 32 21 3 27 29 19 8 5 8
27 7 24 3 31 29 18 0 25 23
# New job
4 6 25 26 26 8 25 23 33 13
10 23 34 21 8 20 26 12 3 29
30 18 9 9 17 7 25 18 18 17
# New job
26 8 13 0 28 8 13 27 16 2
11 29 32 6 24 30 0 14 23 10
22 25 0 17 17 22 8 27 14 23
# New job
8 26 10 12 2 17 29 0 28 23
15 26 34 14 13 4 0 23 33 2
18 7 6 2 14 6 32 3 29 2
# New job
17 23 24 31 24 28 31 5 19 26
4 21 0 19 5 14 17 32 11 17
32 18 25 26 7 6 27 27 11 22
# New job
14 0 28 15 2 4 5 18 10 3
26 11 21 27 18 25 16 22 5 11
19 32 2 33 1 15 6 4 24 23
# New job
8 22 23 2 25 18 17 24 18 30
2 31 1 26 14 10 27 26 1 4
32 12 22 22 26 2 9 21 17 6
# New job
29 3 5 30 14 7 8 11 6 29
6 10 11 7 17 31 6 25 13 32
8 14 24 23 31 34 22 25 4 22
# New job
34 20 4 22 12 29 10 8 4 26
2 15 28 6 9 11 33 10 21 16
22 13 17 18 20 25 17 4 5 14
# New job
0 3 11 27 32 31 0 20 29 25
4 25 21 29 19 11 3 31 0 31
18 10 29 30 30 15 21 5 27 19
# New job
15 15 0 0 15 24 32 24 30 9
14 30 24 29 16 17 29 31 7 20
0 3 32 30 14 2 10 0 15 6
# New job
28 3 11 32 24 24 3 27 14 1
25 8 20 32 32 12 1 25 20 32
3 13 10 8 24 8 7 14 34 15
# New job
16 29 12 24 33 22 14 11 21 24
17 23 14 19 24 30 23 18 32 9
17 0 5 28 24 9 13 34 31 10
# New job
18 3 25 25 31 13 20 34 12 11
26 3 14 32 22 14 13 10 13 23
19 33 18 26 12 22 15 27 11 25
# New job
34 6 23 10 18 7 26 22 3 23
23 9 30 27 31 14 28 4 5 4
19 5 30 11 29 27 16 9 8 17
# New job
7 24 26 29 1 30 7 32 0 2
9 24 15 2 18 30 14 22 5 8
0 4 2 4 30 31 24 21 24 13
# New job
