# Job size: 100, Route size 5, Operation size 10 
# Machine size: 20
3 11 10 7 16 19 9 11 2 13
4 16 17 2 19 9 3 6 16 8
3 1 6 15 4 18 7 14 4 17
19 11 5 10 15 18 2 1 19 18
4 13 13 12 1 10 10 10 19 16
# New job
9 10 1 2 7 3 7 13 0 12
4 11 6 0 15 9 4 17 4 9
8 1 14 15 12 12 2 18 17 9
5 13 6 7 6 15 0 6 17 13
9 4 18 2 15 2 10 18 14 12
# New job
3 9 14 12 12 5 16 12 2 12
11 15 3 6 7 9 8 2 13 19
1 12 12 9 2 12 3 0 17 18
10 14 16 13 10 15 3 6 5 19
17 8 1 10 19 4 14 2 3 5
# New job
0 6 15 2 19 2 1 8 9 8
19 15 2 1 0 0 3 19 8 4
3 4 15 15 12 5 2 4 18 4
7 5 19 14 12 5 0 18 2 17
19 11 17 18 3 8 15 7 0 9
# New job
4 8 8 2 4 15 4 18 11 1
1 19 1 9 0 1 9 8 7 13
13 0 19 6 17 7 10 1 6 6
12 13 7 12 10 13 18 13 14 17
14 17 11 5 13 10 11 3 10 9
# New job
18 7 15 19 8 17 19 17 1 3
1 5 15 13 7 16 9 8 2 3
6 0 18 8 19 11 18 12 7 16
7 14 6 14 6 12 13 5 12 18
4 19 3 19 16 8 12 7 1 10
# New job
7 4 0 11 13 11 13 14 13 12
15 6 6 18 14 1 10 17 19 11
17 6 0 17 8 5 2 10 17 0
16 5 4 1 15 2 15 8 3 10
2 8 13 3 19 12 10 10 9 8
# New job
7 6 13 11 8 3 10 9 18 7
9 19 12 8 3 8 2 4 11 18
6 1 19 16 2 10 0 1 14 13
7 2 11 13 17 7 11 2 7 4
19 4 12 18 5 10 2 17 9 16
# New job
2 7 12 3 2 4 18 2 18 1
18 14 9 0 12 12 7 14 11 15
0 4 17 19 3 7 14 11 10 2
10 17 5 14 17 15 19 3 11 5
8 17 17 9 5 19 19 0 12 13
# New job
14 5 18 17 1 4 4 12 4 12
16 10 14 16 5 6 10 7 19 7
7 19 9 2 1 1 11 0 16 16
2 13 8 8 11 1 19 8 2 9
1 13 14 7 1 5 17 7 11 16
# New job
10 1 11 13 3 0 0 6 13 18
3 0 7 6 12 18 12 6 12 1
19 10 19 7 15 7 17 3 14 2
17 4 12 2 19 7 6 15 17 12
4 3 13 17 19 12 6 17 18 15
# New job
16 9 2 10 0 17 7 7 1 4
8 6 16 13 0 1 1 13 19 1
15 16 0 10 17 11 5 17 11 12
9 19 5 11 17 8 6 13 6 5
0 7 12 12 3 15 19 7 6 1
# New job
0 0 19 3 18 5 3 19 12 15
9 11 2 14 15 7 7 13 13 2
4 17 18 15 4 15 19 10 18 18
9 5 15 18 10 11 18 11 0 13
1 15 7 8 15 12 17 16 18 6
# New job
1 12 19 19 14 16 7 17 13 3
0 1 3 5 13 14 15 3 9 17
15 18 11 6 12 11 0 8 18 1
8 6 4 19 14 14 12 7 6 14
12 8 1 17 3 13 9 1 4 14
# New job
12 0 14 14 11 19 15 14 16 13
10 18 8 5 16 8 8 8 17 10
4 18 2 14 1 13 0 19 19 12
6 4 0 15 0 17 17 10 0 8
0 12 0 14 1 3 18 5 19 18
# New job
4 15 11 19 4 11 14 3 0 2
14 6 14 14 10 14 11 6 17 14
2 7 5 12 19 10 5 3 6 0
19 3 7 1 13 7 7 16 2 0
13 8 14 0 1 8 7 12 11 0
# New job
12 11 17 15 14 18 5 10 15 8
3 1 14 10 14 0 8 1 12 4
0 1 13 12 8 6 15 11 3 10
13 9 15 9 6 5 15 19 5 0
17 10 11 13 16 16 2 19 5 8
# New job
9 11 4 14 17 11 4 15 12 7
13 19 3 11 5 10 9 0 1 2
7 13 4 0 19 14 16 16 3 15
1 17 2 4 4 14 5 14 18 7
1 2 14 12 8 14 4 15 17 13
# New job
12 18 9 19 1 13 17 1 1 16
0 6 19 11 13 11 8 14 15 6
0 1 16 9 9 11 8 1 17 10
2 8 17 5 8 6 7 11 16 11
11 19 19 12 9 0 7 0 5 14
# New job
8 16 17 11 6 18 2 17 5 7
1 5 18 13 7 10 11 3 16 0
12 5 13 0 4 7 12 12 19 3
2 9 19 9 15 1 4 1 12 8
16 1 14 14 12 8 7 5 0 16
# New job
3 15 1 16 12 12 16 7 12 14
3 10 4 7 1 12 5 15 11 8
13 2 0 2 12 0 13 6 12 5
4 0 10 2 13 1 17 1 9 10
9 1 14 12 11 17 5 1 1 19
# New job
6 17 9 18 4 19 17 2 6 6
13 2 18 8 3 10 10 2 13 4
9 18 4 0 9 16 0 17 0 18
11 12 4 2 13 16 12 9 4 18
6 12 0 16 11 8 4 19 0 17
# New job
2 11 14 15 19 2 16 19 17 10
15 19 5 13 8 15 11 14 3 19
17 1 19 15 19 4 0 10 9 3
17 6 6 15 18 19 7 7 17 16
4 10 18 9 17 4 15 1 18 14
# New job
6 15 13 17 9 10 0 13 11 19
18 9 11 8 2 13 9 8 6 1
8 10 3 7 16 12 10 8 6 16
15 9 3 4 0 5 16 16 18 15
8 12 1 16 6 19 12 1 11 11
# New job
5 18 13 1 4 19 10 10 10 12
1 7 17 12 16 3 17 17 16 18
14 3 11 7 16 16 2 1 17 14
14 13 5 4 13 16 12 1 7 15
17 14 18 3 5 13 12 0 9 16
# New job
15 11 15 18 3 9 2 5 16 11
1 8 3 4 1 15 17 16 7 2
13 7 6 2 15 4 16 19 8 14
10 2 10 4 7 14 1 7 17 18
6 12 14 19 10 9 14 0 1 7
# New job
17 16 2 1 12 3 14 13 13 14
2 19 4 16 12 15 19 15 19 0
12 16 12 16 3 12 2 15 6 18
6 11 10 12 18 16 17 6 14 8
19 14 7 17 9 6 8 11 5 13
# New job
4 17 7 0 3 4 19 0 15 14
7 3 18 3 14 6 18 7 4 4
2 11 2 5 4 14 11 16 16 8
10 9 14 3 11 8 6 15 14 12
13 8 11 16 2 17 7 18 11 17
# New job
14 0 19 16 13 15 4 3 5 0
3 6 5 5 11 11 18 11 13 11
1 14 1 3 8 0 12 17 0 17
13 10 4 6 4 12 6 10 15 3
14 15 14 18 1 12 18 6 13 15
# New job
6 8 17 12 14 16 8 4 1 0
12 6 1 11 6 15 10 8 6 18
4 8 19 13 16 6 9 1 18 0
4 14 16 3 14 0 17 10 16 7
1 0 0 12 1 17 8 16 5 1
# New job
5 9 4 2 4 16 14 19 13 12
13 7 11 12 7 11 11 1 4 19
19 7 8 17 13 7 8 18 18 16
18 12 11 6 6 17 7 14 3 1
5 5 18 9 12 13 16 10 0 19
# New job
19 4 2 9 7 5 19 0 7 16
18 13 17 2 2 15 18 14 15 19
1 5 12 16 12 17 15 6 16 0
16 11 8 13 0 3 17 6 18 7
16 19 7 8 4 2 16 10 10 10
# New job
3 8 11 11 12 10 3 0 14 0
5 12 11 0 4 0 10 11 16 6
0 0 2 10 16 6 9 3 16 6
0 1 18 3 7 9 13 4 10 12
17 7 11 18 12 0 7 19 12 1
# New job
6 4 11 15 16 13 12 7 16 11
17 4 8 16 14 4 6 16 14 2
16 2 0 14 15 16 12 5 4 1
17 13 1 6 13 8 19 16 3 13
8 15 5 6 0 4 1 8 11 17
# New job
18 15 13 4 16 6 3 17 5 18
4 2 4 13 4 4 9 8 1 5
19 18 19 11 9 10 8 18 16 0
0 0 17 6 0 6 17 4 6 3
18 14 19 16 1 15 0 9 11 7
# New job
7 17 0 6 12 5 10 17 13 14
5 7 19 11 10 3 15 9 19 2
11 9 16 6 18 15 9 2 19 8
7 3 17 12 11 15 5 6 16 13
14 19 0 14 12 0 18 3 3 12
# New job
8 12 1 5 18 0 1 10 12 7
17 6 6 9 3 4 8 5 1 1
9 0 12 12 12 4 3 11 19 13
10 9 2 10 16 18 14 12 16 19
12 6 12 12 14 11 18 2 0 4
# New job
9 9 19 2 8 4 12 13 10 11
6 9 10 6 11 3 17 4 3 3
5 0 13 10 15 11 17 1 6 17
5 3 0 7 17 7 13 6 10 3
1 19 19 7 15 12 19 12 14 0
# New job
18 15 16 11 1 10 19 3 15 16
19 13 0 17 10 15 7 19 9 12
19 11 4 3 17 0 15 19 0 10
8 9 5 0 9 11 9 0 18 6
10 5 2 19 9 19 4 7 16 4
# New job
17 4 13 18 1 13 15 19 18 2
13 4 5 0 2 0 7 2 18 1
6 4 5 14 14 0 18 9 15 7
3 14 2 14 6 10 19 4 10 11
6 13 15 3 1 0 9 7 16 7
# New job
13 1 14 8 1 3 8 15 16 19
18 13 12 15 7 0 1 17 19 12
8 17 7 4 15 6 6 5 17 5
2 5 3 5 13 3 1 7 4 1
17 11 7 18 19 0 10 14 11 8
# New job
9 16 12 19 5 17 5 1 16 8
10 3 14 8 12 17 16 15 16 9
16 7 0 3 16 14 3 19 3 17
16 10 14 15 3 5 2 13 1 16
13 3 15 17 14 1 11 6 10 10
# New job
8 18 1 14 15 8 0 0 9 6
12 14 2 12 17 1 18 11 16 14
13 8 11 15 9 6 2 11 8 0
7 9 12 3 7 8 6 1 7 14
1 13 15 13 15 3 15 6 1 10
# New job
3 14 2 13 2 2 5 9 17 0
18 3 3 9 0 16 17 2 3 12
15 6 19 3 19 18 16 11 0 2
6 14 14 18 10 1 6 11 3 0
19 16 5 8 19 9 10 11 4 8
# New job
10 17 14 13 1 16 19 0 4 16
18 16 11 18 5 18 14 11 3 6
10 14 12 6 7 2 3 19 7 18
10 11 3 19 1 3 0 0 19 14
18 5 18 12 12 4 16 12 8 16
# New job
15 14 5 17 15 7 6 16 14 15
12 9 8 18 19 3 8 1 7 18
7 15 7 9 0 3 1 11 4 4
11 0 4 18 15 13 15 17 12 8
12 18 17 6 13 7 13 10 5 2
# New job
9 0 8 13 10 4 10 8 8 5
5 5 14 19 4 12 4 5 7 14
18 16 6 0 15 6 4 16 8 10
14 10 4 2 0 6 1 11 2 0
15 16 17 0 2 5 1 7 11 2
# New job
6 16 6 17 18 8 4 15 17 16
19 5 6 11 7 2 4 9 10 6
11 9 18 4 9 17 13 9 1 12
19 3 18 4 11 15 8 10 3 9
1 7 3 17 2 9 5 11 15 4
# New job
5 3 16 19 2 1 6 11 0 8
6 9 0 13 1 16 0 11 4 5
8 6 4 12 3 9 17 11 5 17
8 17 19 0 16 14 12 16 8 18
10 8 9 18 5 3 3 0 11 19
# New job
3 11 6 19 18 15 7 14 17 19
16 1 3 17 14 17 16 13 18 17
15 19 19 14 1 11 17 3 4 17
19 18 8 4 18 5 2 12 7 11
13 17 16 15 10 17 7 6 12 10
# New job
11 11 1 2 17 9 10 6 10 7
0 19 3 16 6 14 9 13 16 13
7 15 4 2 3 3 0 19 14 7
18 1 7 5 9 3 5 13 16 9
16 17 11 3 11 17 14 9 11 7
# New job
8 14 16 5 10 9 10 0 9 0
14 0 13 4 10 4 18 12 0 9
5 15 12 11 2 11 18 4 19 7
1 13 2 10 10 9 19 7 18 13
4 12 6 2 17 1 8 15 9 11
# New job
1 15 1 18 0 0 3 16 3 5
15 13 10 3 19 1 6 12 14 19
13 11 17 8 12 17 7 15 18 3
9 1 8 11 15 16 9 18 9 18
5 13 19 4 12 13 7 12 19 12
# New job
16 6 15 2 8 16 9 4 19 4
4 17 6 16 10 6 1 6 19 4
1 8 9 9 9 0 15 4 19 17
16 7 19 7 18 11 16 6 19 12
4 9 0 16 5 19 17 12 15 15
# New job
1 12 1 3 7 5 12 0 17 10
8 5 1 12 5 5 10 3 14 14
5 11 14 18 0 11 19 15 10 18
4 16 11 14 11 4 12 0 8 9
5 14 14 5 8 9 13 6 14 13
# New job
15 11 6 19 11 5 17 7 5 13
12 9 0 7 14 16 10 9 5 10
6 8 8 16 11 3 3 5 9 3
10 17 6 5 4 15 19 4 19 18
13 10 12 17 1 18 3 8 2 19
# New job
19 6 16 12 17 11 4 14 4 1
3 7 17 3 16 12 3 16 16 1
12 15 6 19 9 7 13 17 13 1
17 8 19 0 13 1 1 8 10 0
17 4 6 9 9 8 2 2 1 0
# New job
16 19 5 15 14 6 6 16 6 11
10 9 10 18 18 17 6 13 2 15
19 14 7 12 4 13 6 0 7 2
11 6 7 18 9 13 2 8 2 19
1 9 15 15 3 0 5 9 12 11
# New job
13 13 17 4 19 19 16 5 2 7
2 4 13 1 2 17 7 17 19 4
14 14 14 10 15 4 15 7 14 19
11 12 17 6 15 5 13 19 2 13
5 12 12 14 11 13 4 18 10 13
# New job
3 10 17 1 16 9 9 18 4 9
19 8 7 18 12 16 19 0 5 0
6 7 15 8 19 1 8 15 7 19
10 2 6 18 11 1 1 11 8 12
18 17 16 16 13 7 4 10 2 17
# New job
0 2 17 0 5 16 18 16 7 3
9 3 17 5 13 15 6 8 16 9
11 2 5 4 4 1 13 4 17 19
12 8 14 1 5 16 4 11 16 6
18 11 14 14 6 6 11 10 11 1
# New job
11 7 3 9 5 3 19 3 9 3
12 3 17 0 14 14 17 9 10 9
12 6 14 14 3 14 8 9 12 1
16 14 17 9 10 17 19 14 8 12
4 9 19 4 19 1 17 16 2 12
# New job
7 11 10 19 11 10 9 15 4 6
3 5 12 0 2 7 5 1 3 11
13 2 11 11 5 17 3 9 6 2
4 9 9 11 19 19 4 11 19 18
11 4 0 17 2 19 17 12 2 13
# New job
5 17 10 9 12 15 12 16 15 16
4 17 13 5 14 2 1 3 18 13
1 18 8 5 13 15 2 13 18 14
4 15 19 0 9 18 10 9 14 14
19 1 10 16 18 5 18 11 10 2
# New job
7 3 5 6 1 13 7 4 9 15
13 14 12 15 13 17 14 7 0 5
14 15 7 9 0 0 5 8 5 1
8 4 4 6 9 15 11 6 0 14
9 9 0 17 3 18 10 6 2 17
# New job
5 2 16 9 13 17 6 18 11 1
0 5 19 6 19 12 2 3 6 10
0 10 14 3 7 14 12 16 13 15
3 13 11 14 13 14 11 0 11 17
16 11 19 2 18 15 14 12 10 4
# New job
9 3 16 5 14 18 19 7 1 13
1 16 6 0 9 16 10 10 6 7
15 11 14 19 17 12 6 2 14 17
6 16 8 12 4 14 17 12 13 1
14 3 4 4 1 11 18 8 0 6
# New job
6 17 6 15 16 11 6 19 6 1
10 12 16 3 1 7 9 3 11 9
3 9 2 10 15 17 4 11 18 17
4 5 16 17 11 12 16 19 14 8
13 9 5 10 16 13 0 8 19 15
# New job
9 17 13 6 13 7 5 15 13 14
8 16 13 18 18 19 12 17 7 14
18 12 4 8 6 10 17 16 12 2
11 9 12 2 3 5 7 7 9 18
2 17 3 0 6 16 9 13 3 4
# New job
9 7 15 10 18 14 13 1 4 9
16 18 7 14 12 16 1 19 4 18
1 16 14 2 2 12 9 1 19 13
11 0 16 15 17 4 6 5 4 13
13 8 10 18 11 14 3 18 16 11
# New job
19 8 18 8 19 16 2 14 7 16
7 0 0 4 19 9 0 10 18 7
2 5 17 1 10 11 18 1 4 9
1 18 10 5 7 7 13 0 6 9
16 3 9 2 18 19 9 9 5 17
# New job
15 13 18 1 11 13 0 10 14 8
17 9 4 3 5 18 8 2 11 7
11 11 19 19 3 8 4 18 15 15
4 15 18 16 12 17 12 17 3 6
18 0 14 19 2 7 14 9 16 0
# New job
4 4 5 6 10 8 11 1 14 12
2 4 10 4 3 6 11 2 6 9
19 3 10 18 4 5 14 16 1 10
4 16 6 3 18 18 16 6 12 15
16 19 11 1 17 10 9 17 14 19
# New job
19 4 3 17 3 9 17 0 5 13
12 11 0 5 16 12 1 8 19 9
0 16 8 15 8 18 13 1 13 9
3 12 1 14 18 11 10 18 2 13
4 15 8 8 9 3 16 5 10 17
# New job
4 8 6 1 19 10 0 9 9 12
2 12 7 12 16 10 1 9 13 10
10 18 10 15 18 1 16 18 1 12
6 6 3 12 6 5 14 6 16 0
13 4 0 13 10 9 12 7 17 2
# New job
10 14 14 15 13 3 3 2 15 0
17 17 1 19 6 19 19 16 6 9
0 8 2 15 3 9 15 15 5 14
2 3 10 8 3 0 16 5 9 11
9 9 6 9 1 19 3 14 4 4
# New job
18 8 9 15 1 2 4 16 16 4
10 4 7 9 0 2 13 7 6 15
4 16 1 1 0 1 13 14 16 1
7 6 3 10 1 7 1 13 2 16
0 16 9 2 16 11 8 13 6 10
# New job
16 16 16 3 6 1 9 8 7 0
10 4 13 19 0 10 6 3 3 8
15 6 10 15 2 18 7 1 9 18
4 17 8 8 16 15 8 14 6 15
6 10 0 3 19 2 7 3 13 8
# New job
6 12 15 5 3 11 10 13 14 9
10 4 19 5 5 18 14 15 0 5
2 5 7 10 10 2 0 19 8 1
18 14 10 7 0 10 13 5 9 0
15 13 1 15 6 12 15 15 16 12
# New job
10 11 11 16 14 15 17 1 2 8
13 14 2 1 0 9 2 4 3 12
15 18 4 3 3 6 0 14 0 15
8 1 7 3 11 5 7 3 10 19
10 5 11 18 1 11 3 2 12 5
# New job
0 10 7 16 10 6 1 17 8 5
13 19 19 6 16 12 2 14 11 2
3 3 7 7 0 5 7 0 12 0
5 10 16 0 18 18 10 3 1 8
5 12 3 3 19 5 0 13 10 19
# New job
10 12 17 17 15 1 7 9 2 13
10 11 9 4 5 12 16 12 19 9
17 2 10 19 15 8 17 3 8 9
5 18 11 12 15 12 15 17 12 19
17 9 2 4 8 7 6 2 7 12
# New job
9 15 13 6 1 18 11 3 6 6
18 10 3 4 7 8 0 0 9 11
1 9 10 1 4 5 1 12 10 1
11 10 0 14 12 19 14 9 18 10
15 14 8 17 7 1 5 0 2 0
# New job
18 9 13 11 9 17 7 17 11 16
0 7 12 16 11 2 9 8 4 12
0 9 17 14 2 13 2 12 16 3
18 8 18 18 11 11 16 12 7 5
12 12 16 13 12 3 10 18 8 18
# New job
16 18 5 10 11 14 12 14 12 8
19 1 2 4 6 14 18 7 16 10
19 5 2 14 6 1 7 19 14 9
4 11 5 14 16 9 10 12 15 7
10 8 10 4 17 14 3 10 11 12
# New job
10 12 16 7 18 6 2 5 1 1
9 0 8 5 9 11 5 7 18 12
0 1 10 0 18 17 11 19 15 10
13 5 4 17 5 8 3 10 16 3
9 14 17 17 13 12 2 2 16 5
# New job
19 12 10 12 5 5 1 12 15 6
5 7 19 0 0 6 7 2 15 5
1 2 5 11 1 8 4 18 10 0
12 9 9 10 14 17 18 19 13 12
15 16 3 0 13 17 9 10 5 14
# New job
18 0 14 13 17 16 4 19 5 14
13 9 6 9 14 3 19 7 18 15
4 9 2 14 19 19 10 4 5 11
9 13 17 0 15 1 7 6 12 7
16 12 15 10 11 0 9 14 13 3
# New job
19 14 1 0 7 9 16 11 17 8
3 11 10 8 3 5 2 12 4 13
7 1 19 0 18 7 3 9 1 19
11 19 15 0 6 4 17 17 4 17
19 6 19 11 0 9 10 11 10 7
# New job
19 8 3 13 18 0 18 14 7 18
9 8 19 4 18 9 15 2 9 2
8 19 11 11 1 5 3 19 16 12
2 14 10 1 15 2 4 12 2 7
13 9 18 11 19 6 2 11 14 19
# New job
16 10 8 2 13 13 1 10 14 19
13 12 1 16 6 6 13 15 14 4
0 19 1 10 9 6 16 17 18 9
2 9 12 17 2 8 19 3 18 7
3 16 0 8 0 5 19 15 17 16
# New job
12 2 6 17 14 3 13 4 14 4
3 9 6 10 6 18 8 4 13 13
2 1 6 13 12 0 8 4 8 0
4 1 0 0 10 13 0 15 7 0
9 16 17 13 19 18 3 8 13 12
# New job
10 6 0 11 3 3 12 7 7 7
15 12 1 19 14 13 15 0 10 2
6 18 17 4 14 17 10 15 10 2
18 10 2 5 8 9 19 15 17 4
9 0 6 14 17 10 1 6 19 7
# New job
10 12 14 12 19 2 8 4 6 13
17 19 15 13 12 14 6 11 15 18
3 10 12 11 15 8 6 3 2 14
3 12 5 15 15 3 11 2 2 9
19 13 13 19 2 14 1 9 16 18
# New job
18 7 13 14 5 1 17 6 16 12
6 19 13 10 8 0 10 3 17 10
5 18 5 6 11 6 0 2 13 8
5 14 13 5 0 0 19 0 10 9
13 0 14 14 11 9 11 8 5 5
# New job
7 19 9 16 1 6 9 15 18 16
16 9 14 13 5 16 5 15 19 19
1 8 14 19 17 6 15 11 15 15
5 8 6 2 7 13 4 12 12 9
7 6 8 13 9 17 6 14 5 15
# New job
0 15 8 9 8 15 18 1 16 6
16 14 18 10 5 0 3 1 4 8
1 16 4 17 0 8 0 14 12 19
15 3 3 7 8 7 8 5 7 7
16 10 11 13 18 11 0 14 11 18
# New job
10 8 5 9 3 19 3 16 18 5
17 2 7 0 1 8 3 15 7 6
11 18 7 4 18 9 13 1 1 15
16 2 4 2 8 9 19 0 6 12
8 2 8 9 17 4 11 10 9 18
# New job
17 7 18 3 3 12 14 6 15 7
7 9 9 7 8 6 16 1 17 3
3 6 14 5 16 16 7 13 10 4
17 1 14 1 15 9 2 6 18 0
5 7 6 6 6 6 3 13 9 15
# New job
0 16 2 14 12 7 10 16 0 17
9 15 5 13 8 12 13 7 9 12
17 15 3 9 16 5 19 5 13 4
11 9 1 9 18 16 2 4 13 17
3 19 9 6 1 9 11 16 11 12
# New job
