# Job size: 150, Route size 3, Operation size 10 
# Machine size: 30
15 15 28 22 28 22 28 25 13 5
19 7 18 29 6 28 25 7 19 27
26 17 0 17 10 5 23 3 12 12
# New job
14 17 23 15 23 24 11 22 11 13
2 2 2 23 21 21 20 22 20 8
5 12 1 5 22 6 27 13 29 9
# New job
18 3 19 17 10 4 17 2 20 6
24 0 21 6 16 5 13 20 5 17
21 0 26 21 5 27 1 1 6 27
# New job
18 2 14 27 23 16 11 22 2 10
16 29 0 10 11 23 10 14 14 1
0 0 16 18 10 25 12 3 3 28
# New job
1 25 15 29 11 4 11 1 20 8
9 20 26 14 11 29 28 0 18 24
20 20 14 2 20 27 8 15 0 9
# New job
16 21 7 23 13 26 2 14 4 28
15 19 20 7 19 23 19 11 14 9
11 18 20 16 18 28 8 8 5 29
# New job
28 27 16 16 8 17 2 14 7 21
4 7 19 6 28 17 9 13 13 0
7 6 21 24 22 2 11 28 2 29
# New job
9 12 26 24 26 14 28 15 8 17
3 20 15 15 11 17 29 11 8 16
6 12 15 12 27 18 19 28 17 23
# New job
22 0 17 23 2 24 24 24 10 17
11 7 20 4 18 16 23 1 8 7
3 21 25 22 24 13 4 23 22 17
# New job
15 23 27 23 10 21 16 21 22 21
8 5 23 10 18 6 16 22 5 5
28 25 18 26 17 10 10 7 8 17
# New job
3 22 23 5 11 7 2 20 16 9
13 24 28 9 12 13 19 22 1 10
0 8 29 2 11 6 21 29 18 2
# New job
4 4 22 13 9 8 27 0 26 3
0 26 4 25 7 25 22 15 28 16
2 9 10 19 4 15 4 19 12 1
# New job
27 25 8 4 2 1 27 17 23 13
22 12 21 21 29 26 7 22 10 29
5 3 21 29 22 25 21 25 24 29
# New job
11 17 16 20 4 10 25 29 20 22
26 6 1 8 15 22 8 2 27 28
27 19 21 7 6 29 12 24 11 13
# New job
21 29 3 9 28 19 29 26 16 3
24 13 0 3 3 14 20 14 8 27
18 9 5 3 3 22 9 26 28 26
# New job
6 8 27 7 17 8 13 17 25 3
20 11 24 9 21 18 15 2 9 5
11 8 16 3 0 20 13 3 27 12
# New job
29 0 7 12 19 28 4 7 16 13
28 2 15 14 0 0 24 15 26 9
13 26 23 19 5 18 18 8 28 26
# New job
19 4 1 16 14 29 14 9 5 5
17 18 9 23 26 17 11 12 12 7
29 24 24 9 21 24 0 0 9 19
# New job
14 9 28 15 2 19 2 22 23 29
18 9 7 28 12 14 9 21 22 14
21 5 17 0 13 8 16 18 17 8
# New job
3 10 20 0 16 1 0 8 18 19
3 6 5 26 24 27 27 8 29 29
7 17 10 11 23 21 0 4 24 9
# New job
14 9 8 25 12 13 27 28 24 16
17 8 5 3 6 16 4 20 2 28
10 0 8 28 0 29 2 25 5 17
# New job
13 14 10 5 10 16 20 16 5 19
3 13 23 14 7 29 7 17 7 11
24 13 29 26 19 10 6 14 9 4
# New job
8 28 19 28 5 16 11 18 21 7
19 12 15 13 18 28 0 18 22 25
10 3 14 27 23 9 19 11 27 14
# New job
8 11 18 13 18 6 26 26 16 14
4 29 26 7 13 3 2 5 2 15
9 8 24 22 16 14 21 13 6 5
# New job
20 22 25 29 19 2 11 18 12 22
22 16 9 20 7 2 5 6 21 16
1 4 11 15 0 0 0 22 12 12
# New job
5 25 2 10 14 28 0 14 5 2
29 4 6 27 27 5 15 17 15 11
14 24 27 14 22 10 13 22 20 23
# New job
13 9 17 19 4 2 16 7 4 7
14 15 7 21 20 29 23 1 21 12
2 16 0 5 16 28 9 9 15 16
# New job
29 6 10 12 6 11 0 23 23 5
7 18 2 22 12 23 0 16 13 18
14 0 15 9 27 15 1 12 1 16
# New job
29 25 27 21 6 14 10 21 27 19
26 16 0 9 21 25 0 9 20 5
9 3 5 1 23 26 2 0 12 29
# New job
11 6 4 20 22 19 2 19 18 25
6 11 25 17 17 2 4 7 16 7
14 14 5 22 3 19 6 28 17 20
# New job
16 0 7 18 8 15 1 8 14 27
28 3 20 11 8 5 0 11 6 10
17 12 16 10 3 25 5 12 14 27
# New job
10 18 13 12 21 20 7 13 18 5
11 18 6 12 20 2 14 25 15 22
12 9 2 3 11 20 11 14 19 4
# New job
27 26 0 12 3 2 15 27 22 22
10 26 28 27 6 23 29 9 12 16
22 20 23 15 14 19 12 0 24 21
# New job
17 18 4 24 17 15 5 22 18 15
5 24 27 9 14 28 15 12 4 29
16 29 0 28 17 19 16 12 18 6
# New job
13 7 29 23 11 21 12 9 10 16
12 15 21 20 19 2 11 29 3 23
28 18 0 13 28 17 20 17 12 14
# New job
19 4 21 5 6 1 29 12 11 19
17 12 29 2 21 3 21 2 24 0
14 18 27 23 12 17 15 2 9 19
# New job
8 28 8 12 12 27 12 5 27 17
18 16 9 15 26 14 25 1 29 6
19 26 11 24 6 23 28 23 11 6
# New job
13 2 24 18 20 13 0 0 13 1
19 16 9 16 11 26 19 27 11 10
17 8 21 12 19 4 19 15 9 4
# New job
19 13 1 5 2 14 21 25 3 9
27 18 8 12 26 22 6 1 1 22
21 29 6 28 10 24 1 14 23 24
# New job
5 12 0 20 18 11 11 3 6 10
20 24 5 27 5 26 24 9 20 22
21 25 1 1 14 25 5 16 28 6
# New job
21 5 9 28 12 4 6 19 19 14
6 6 3 11 2 25 17 14 21 10
4 25 2 12 9 8 12 19 18 12
# New job
14 17 20 7 11 10 18 2 22 4
8 18 24 19 22 19 14 7 7 24
25 16 27 29 23 12 14 19 15 28
# New job
3 2 23 8 17 24 22 1 12 20
27 22 16 28 23 5 10 0 20 15
15 8 20 12 10 20 22 16 4 16
# New job
7 2 2 25 20 12 11 16 13 25
0 6 4 19 15 12 19 3 8 21
0 8 23 11 21 18 5 8 5 3
# New job
27 3 2 7 11 15 25 8 15 24
14 20 28 8 2 19 16 25 27 0
16 20 23 23 17 14 10 27 29 21
# New job
26 8 28 19 15 0 26 29 10 5
29 27 22 4 25 12 0 18 6 28
5 26 0 1 11 25 10 14 17 10
# New job
15 2 24 27 3 8 21 7 6 22
1 24 21 19 7 9 0 4 17 24
6 29 22 28 16 5 6 1 29 11
# New job
3 26 20 21 0 26 29 19 25 29
4 18 23 27 9 22 9 28 6 12
5 27 26 19 12 19 9 5 6 1
# New job
8 21 6 23 20 12 15 13 21 23
18 13 23 25 3 9 22 17 6 14
3 10 23 5 10 17 15 22 26 11
# New job
12 16 13 12 22 7 9 22 3 18
22 28 16 11 25 21 4 14 15 21
27 5 0 18 2 9 19 2 19 26
# New job
17 29 8 29 17 12 25 25 18 2
12 3 8 17 14 6 22 25 24 21
21 3 0 5 19 27 25 21 29 0
# New job
2 11 13 22 6 9 10 14 29 16
5 8 15 19 15 0 14 22 21 0
28 11 19 27 17 7 16 3 12 20
# New job
24 17 13 16 26 0 23 20 28 0
18 25 11 19 17 3 0 0 3 9
22 13 23 20 5 8 26 9 7 14
# New job
27 3 3 0 22 1 3 18 29 12
5 23 29 29 8 15 14 4 19 16
12 24 20 28 26 15 19 19 25 24
# New job
10 23 25 19 21 14 14 13 3 8
14 3 28 9 25 5 28 18 4 5
15 25 14 23 19 2 15 9 4 15
# New job
2 18 22 3 6 2 17 27 11 25
12 3 8 14 23 28 29 8 3 3
12 7 16 15 6 17 13 2 15 1
# New job
10 14 9 11 19 27 8 5 14 5
13 17 22 6 5 25 23 15 14 15
26 8 16 9 3 26 14 25 0 25
# New job
15 10 4 0 17 24 16 16 4 8
15 12 6 20 3 17 26 19 7 12
0 7 28 15 0 7 15 28 24 1
# New job
21 27 10 2 21 15 21 3 28 16
19 24 2 13 28 7 16 24 8 3
3 16 28 13 4 20 27 15 11 16
# New job
9 5 22 24 0 27 28 19 4 6
14 21 3 26 2 29 22 14 8 12
29 28 12 2 8 6 18 11 14 13
# New job
11 15 3 19 16 13 18 7 21 11
12 2 9 13 11 21 1 10 0 21
8 28 24 5 7 29 29 18 27 1
# New job
12 4 0 19 6 29 19 6 1 26
13 3 14 13 10 23 16 4 13 8
2 16 20 23 12 21 9 5 17 12
# New job
4 2 6 7 12 9 3 2 10 6
5 25 7 12 1 21 22 16 28 23
0 27 24 6 5 6 14 11 18 22
# New job
2 29 1 29 10 5 3 3 0 9
4 9 7 10 23 4 10 20 16 8
26 10 6 5 6 7 15 23 26 18
# New job
4 0 6 7 27 26 19 29 28 20
5 20 27 29 15 26 1 25 4 12
29 16 26 10 11 4 25 2 25 16
# New job
17 10 8 15 25 18 25 13 11 16
25 23 17 1 18 8 25 8 21 18
5 1 27 23 27 29 8 10 8 15
# New job
16 12 14 20 1 10 4 13 12 27
20 6 10 14 1 6 18 23 2 14
20 7 28 23 8 26 23 29 14 20
# New job
10 12 21 24 25 21 13 23 3 17
4 4 29 0 7 11 23 15 25 21
11 28 8 17 25 4 12 21 22 16
# New job
9 17 14 17 11 12 28 1 14 14
16 2 1 21 19 21 23 12 19 1
20 16 23 1 8 4 27 28 18 6
# New job
9 6 14 15 29 4 26 9 8 29
18 23 2 13 5 4 0 16 12 29
23 27 6 28 10 24 1 15 16 25
# New job
22 13 29 19 11 16 3 26 10 11
11 11 9 12 15 11 22 19 6 22
7 10 0 12 10 4 14 20 19 19
# New job
21 24 26 8 0 21 12 17 10 22
15 12 8 28 14 15 1 18 17 0
7 20 21 17 23 27 13 27 8 4
# New job
19 26 20 5 19 6 1 25 16 14
26 21 5 21 11 18 2 16 16 17
27 3 18 14 24 22 29 27 18 16
# New job
7 10 6 1 26 8 19 7 8 4
18 0 24 0 16 21 25 24 0 5
19 23 7 25 25 7 25 20 23 1
# New job
16 5 6 11 16 25 27 11 22 12
17 20 7 22 24 1 3 20 2 3
3 5 9 19 1 16 4 25 6 7
# New job
18 2 4 8 21 23 5 26 22 28
20 28 1 7 21 17 17 8 2 20
5 13 3 14 15 13 7 4 29 24
# New job
8 9 29 22 0 11 9 21 22 11
21 2 15 28 13 14 18 22 14 19
29 4 3 16 24 21 18 1 5 19
# New job
9 7 0 4 21 4 14 14 22 23
8 2 0 29 2 8 13 4 25 26
4 28 14 2 25 21 25 19 27 14
# New job
20 9 15 20 3 17 26 19 21 16
18 14 16 20 2 24 3 17 25 28
12 12 28 5 14 9 14 22 3 26
# New job
8 2 16 5 9 0 6 29 20 21
26 25 27 15 18 26 5 1 2 18
13 16 12 19 1 22 7 10 1 3
# New job
28 11 23 15 26 24 5 24 6 9
14 13 21 9 8 23 6 9 20 27
17 5 16 20 14 20 17 29 22 18
# New job
10 18 18 20 0 5 3 25 22 1
0 28 5 13 7 15 17 17 24 2
2 7 23 22 15 2 3 15 29 22
# New job
21 8 28 24 26 25 6 22 19 22
13 18 1 15 22 22 27 15 12 26
15 19 10 0 4 25 26 29 2 4
# New job
10 4 3 2 14 6 24 5 21 8
29 24 25 6 2 25 28 0 28 10
29 13 3 7 17 29 26 7 7 3
# New job
29 19 23 7 19 16 9 21 22 28
8 10 2 19 22 3 25 29 10 4
1 7 14 27 21 25 29 17 5 27
# New job
12 26 24 29 8 16 12 0 24 12
11 29 12 23 28 19 5 4 25 27
2 29 4 19 13 0 14 4 14 7
# New job
11 4 13 14 16 11 14 7 25 15
4 9 0 2 26 26 3 25 29 4
15 27 1 10 22 14 20 4 4 25
# New job
19 3 19 10 23 15 14 5 8 25
23 13 22 4 24 21 3 22 10 20
29 22 4 17 27 13 20 1 0 24
# New job
15 4 13 4 4 27 8 6 16 24
14 28 9 11 14 3 16 12 27 9
15 17 23 13 18 29 23 1 6 7
# New job
29 19 5 27 15 9 29 6 14 6
7 6 20 22 8 22 22 18 7 2
3 0 22 18 10 11 10 4 20 20
# New job
14 4 3 9 27 18 15 17 2 12
19 27 18 17 9 25 27 14 3 6
5 14 26 18 22 7 23 18 0 28
# New job
2 6 18 16 18 4 5 3 22 25
6 0 27 18 29 23 9 13 13 18
16 13 7 25 26 26 18 0 13 6
# New job
10 16 11 2 20 8 24 13 23 20
0 22 2 20 19 28 8 2 11 27
11 26 23 20 21 22 15 25 18 6
# New job
2 19 16 5 25 16 0 20 29 1
6 6 18 26 28 4 5 13 9 16
7 20 22 15 4 8 11 15 19 1
# New job
26 3 19 5 24 24 5 15 16 6
20 16 0 1 24 27 10 12 10 12
11 9 8 1 22 6 1 16 20 29
# New job
28 17 18 6 27 22 14 11 3 27
10 7 9 13 14 21 18 2 13 13
5 14 21 1 11 17 21 17 22 28
# New job
13 8 8 0 11 11 9 12 26 12
29 22 26 16 0 1 18 4 8 0
5 24 18 7 17 19 12 0 3 8
# New job
20 22 16 20 9 26 5 22 24 16
28 11 12 4 29 16 19 7 20 12
27 9 3 5 2 0 4 16 4 3
# New job
10 11 3 17 18 26 15 9 1 19
14 3 7 24 0 0 20 28 4 8
0 27 21 5 21 14 23 25 24 26
# New job
18 19 28 1 18 6 8 6 16 26
21 9 0 7 26 0 20 2 8 23
25 14 28 19 18 16 10 11 21 25
# New job
15 17 0 22 0 22 7 21 11 27
26 12 2 16 3 6 12 23 0 10
26 20 5 2 19 15 29 26 3 19
# New job
11 10 24 23 8 28 11 26 18 29
1 13 28 9 17 6 5 0 9 25
5 20 28 18 14 20 21 27 15 23
# New job
21 19 3 4 20 2 23 13 9 17
25 9 9 27 1 3 24 12 24 13
18 28 3 3 15 22 14 17 24 13
# New job
12 17 13 10 16 13 13 22 26 20
17 26 24 8 26 10 19 1 17 17
6 1 17 13 27 16 15 1 4 4
# New job
11 7 25 29 20 23 8 2 22 5
29 18 15 20 29 6 21 1 26 12
16 9 25 6 15 10 17 19 12 8
# New job
20 14 11 8 22 14 27 24 8 29
27 11 23 20 14 20 3 11 19 27
16 5 14 26 0 12 5 16 5 15
# New job
25 12 28 13 2 11 11 0 16 19
26 12 21 1 4 11 9 20 7 28
13 13 28 12 13 23 11 28 17 1
# New job
15 23 9 7 15 19 9 23 18 28
3 21 5 12 13 22 2 20 9 20
6 21 15 17 17 24 24 24 3 7
# New job
29 27 18 9 7 4 3 20 16 19
14 5 0 22 9 2 16 13 26 2
29 1 21 24 11 21 28 4 17 2
# New job
28 17 28 5 27 3 15 8 29 9
7 24 11 23 12 20 16 8 5 25
0 25 20 29 18 17 16 12 4 28
# New job
6 9 9 2 16 17 29 1 1 16
9 29 18 3 17 19 8 22 5 14
20 22 23 14 9 0 11 27 7 2
# New job
13 29 1 26 21 5 8 6 2 25
13 18 26 3 18 19 20 22 23 17
29 23 6 21 27 13 18 18 7 10
# New job
3 19 29 17 19 17 21 1 23 0
26 23 17 24 20 11 12 1 28 16
26 4 17 22 14 20 12 13 26 7
# New job
12 22 1 10 10 13 29 3 19 3
18 9 18 4 9 8 23 5 14 12
24 28 4 15 18 12 25 15 14 0
# New job
17 3 12 19 9 0 28 14 12 14
3 24 13 2 21 4 24 16 28 8
4 8 18 26 17 25 8 8 18 4
# New job
27 8 9 21 10 8 2 11 23 7
7 0 14 8 0 0 24 10 1 1
18 17 3 22 21 8 2 15 7 15
# New job
25 3 17 22 15 14 21 3 5 16
11 6 2 13 26 17 5 26 29 23
8 23 22 20 18 17 3 18 10 10
# New job
25 12 23 11 27 8 1 20 18 22
8 12 9 5 12 24 15 5 7 21
19 13 23 24 12 8 20 16 29 1
# New job
2 5 12 18 0 25 12 20 26 21
12 19 5 20 17 5 22 2 11 27
4 14 16 29 16 28 0 23 21 0
# New job
29 5 17 16 20 10 24 7 5 1
4 23 28 5 11 3 20 25 3 23
18 28 20 28 17 17 24 19 14 18
# New job
18 24 3 2 1 28 16 15 28 0
18 4 29 14 21 16 14 12 15 25
19 5 21 3 13 27 19 29 17 4
# New job
26 10 25 11 0 12 23 20 4 2
8 24 5 10 24 0 11 8 3 17
27 20 2 1 28 14 13 25 16 14
# New job
28 18 19 28 18 4 20 9 16 7
29 16 6 10 0 16 12 10 11 18
29 25 14 3 26 11 10 29 12 3
# New job
28 14 15 10 27 27 21 1 20 12
6 5 17 2 1 1 4 27 15 6
13 2 20 5 5 20 6 25 3 24
# New job
20 26 3 17 26 24 23 19 28 12
0 29 24 16 29 20 19 11 1 13
3 0 29 10 23 21 27 26 19 22
# New job
0 10 3 29 14 24 16 1 6 8
2 8 9 7 6 13 28 3 5 21
16 15 23 28 20 0 9 5 3 10
# New job
5 27 1 22 0 0 0 7 7 6
2 14 17 9 4 8 11 4 19 7
21 5 23 5 8 11 17 12 14 5
# New job
11 17 17 6 1 12 25 16 4 16
23 10 12 22 22 28 23 4 1 4
5 20 3 26 15 15 1 16 3 25
# New job
24 10 20 3 12 25 2 27 10 24
29 20 10 1 6 2 11 12 24 15
10 24 15 13 9 26 24 0 26 26
# New job
13 3 5 8 1 17 19 0 22 4
9 0 15 24 20 2 11 16 17 8
13 4 18 7 19 27 17 1 20 12
# New job
8 6 19 17 25 29 26 25 8 9
12 21 2 16 5 25 25 6 5 14
22 1 22 28 29 16 1 21 12 17
# New job
21 0 27 27 2 10 27 13 25 14
19 2 8 4 13 10 18 0 1 29
5 1 16 20 0 23 22 24 20 21
# New job
29 4 13 22 27 24 23 28 3 25
27 8 23 24 20 14 0 20 3 5
29 24 5 15 20 0 13 14 7 10
# New job
10 3 8 7 12 23 15 16 27 19
19 26 26 9 28 2 23 1 15 24
8 26 8 6 0 12 22 25 14 27
# New job
6 9 3 2 18 24 3 26 20 2
17 5 11 18 26 29 3 3 10 9
16 12 28 25 21 6 12 24 20 3
# New job
21 21 18 24 20 21 27 6 24 28
2 22 14 25 22 22 18 21 17 28
4 29 9 3 24 6 22 12 5 20
# New job
27 25 8 9 19 9 12 25 10 24
23 28 1 17 2 9 21 17 5 26
26 14 4 15 14 2 17 23 27 16
# New job
25 8 25 29 9 12 20 2 23 4
12 5 6 6 6 4 14 9 12 21
14 8 11 11 15 6 17 16 9 24
# New job
25 7 8 25 19 2 25 17 14 18
11 7 26 28 9 16 24 20 11 20
25 9 2 3 25 15 20 9 11 20
# New job
28 14 13 22 26 19 0 10 24 20
25 16 24 15 27 22 0 13 28 5
24 5 16 27 5 0 8 10 19 10
# New job
10 9 23 19 29 16 3 6 23 17
16 10 29 10 19 29 0 24 18 21
29 0 23 26 20 4 6 3 26 27
# New job
8 12 18 21 14 26 26 7 0 26
22 28 2 5 14 4 2 29 28 23
11 5 14 27 22 22 26 29 2 23
# New job
24 13 29 29 27 26 2 13 21 4
10 9 11 16 29 19 11 11 3 4
17 4 16 24 25 11 0 29 15 16
# New job
18 10 21 10 9 25 11 17 1 21
20 11 9 6 4 1 25 11 24 10
18 25 0 13 13 25 11 2 2 4
# New job
8 1 1 26 16 12 29 22 0 4
25 24 8 27 14 25 2 19 18 1
28 27 2 9 3 13 13 29 15 4
# New job
23 8 6 18 22 24 16 2 25 4
1 4 10 27 5 1 3 28 2 13
11 24 9 11 0 2 13 5 7 28
# New job
9 16 23 16 24 0 15 0 24 16
2 22 29 21 26 4 15 11 17 7
26 13 10 12 20 9 14 15 12 10
# New job
2 16 20 28 6 25 12 8 17 16
8 6 5 24 28 26 3 1 6 10
12 18 15 21 4 13 4 5 25 13
# New job
4 28 26 18 20 4 9 27 22 15
23 11 0 5 17 15 5 16 4 27
21 13 11 20 8 24 26 14 27 29
# New job
18 21 21 8 16 19 17 4 12 24
18 25 7 0 18 26 23 19 6 9
8 29 8 8 12 1 4 12 15 7
# New job
