# Job size: 125, Route size 3, Operation size 10 
# Machine size: 25
23 12 17 4 18 15 16 24 2 14
9 6 4 9 20 24 5 0 16 11
8 1 10 22 21 15 12 15 11 24
# New job
24 24 20 7 18 9 0 8 11 0
7 11 24 23 24 6 23 1 10 1
8 7 22 4 4 11 5 3 17 11
# New job
20 6 24 6 1 23 0 16 18 10
17 24 2 19 13 7 19 20 9 21
4 11 13 1 0 16 15 18 8 13
# New job
7 15 24 18 15 12 22 24 6 7
7 9 10 13 7 19 2 0 23 16
22 6 10 8 0 16 19 22 5 3
# New job
4 23 18 8 7 5 16 10 22 13
21 11 2 7 16 3 3 20 10 24
22 6 1 18 4 5 12 3 6 7
# New job
4 2 4 13 16 24 13 18 17 18
14 13 18 21 7 7 24 14 22 2
20 6 19 13 6 19 5 14 24 20
# New job
19 22 20 12 23 15 1 10 20 2
2 1 13 9 21 9 20 0 9 3
9 8 22 18 14 22 14 4 9 7
# New job
20 24 19 2 4 10 3 14 23 12
17 16 22 1 15 1 0 16 6 6
9 19 17 6 12 14 10 0 0 9
# New job
22 24 18 17 19 9 8 20 8 15
2 24 9 5 5 22 20 18 4 24
21 19 0 22 24 9 9 2 0 21
# New job
0 8 23 18 8 13 23 18 18 2
12 12 18 11 8 19 0 5 20 10
1 5 0 17 23 21 21 22 6 2
# New job
21 22 19 0 19 13 0 7 17 22
8 7 1 8 3 21 16 13 14 10
13 20 15 15 7 2 7 20 16 18
# New job
18 11 8 23 22 21 23 0 9 11
3 7 10 0 11 11 22 1 7 17
19 4 19 8 2 23 11 23 8 23
# New job
19 12 23 22 8 17 24 1 16 2
18 22 5 24 15 5 23 0 12 8
14 6 24 12 1 12 1 10 3 19
# New job
7 9 19 16 9 3 3 24 4 15
3 17 4 5 11 19 21 18 4 2
23 22 5 24 0 0 21 8 23 1
# New job
16 1 23 14 12 7 1 15 16 16
14 6 18 10 18 13 7 5 7 19
13 7 18 12 23 1 24 6 7 13
# New job
18 15 21 19 15 15 20 19 4 22
15 2 7 4 16 22 10 17 15 3
0 9 10 16 18 14 21 18 15 6
# New job
14 2 0 13 22 6 8 17 5 15
19 0 5 2 19 16 10 10 22 3
23 6 17 3 20 23 13 3 0 5
# New job
14 15 1 6 2 18 12 0 21 7
5 16 12 15 22 3 11 6 2 23
24 5 10 21 12 16 13 23 3 17
# New job
14 6 15 5 23 8 0 9 24 12
13 6 3 21 13 18 19 24 8 6
19 11 11 0 9 12 12 8 7 3
# New job
20 22 5 4 2 7 1 8 17 21
16 4 2 3 23 23 1 13 3 5
10 13 24 11 8 17 16 17 16 10
# New job
13 16 21 2 17 2 15 3 3 24
6 3 6 10 20 16 17 22 8 4
18 24 9 24 22 7 18 13 16 22
# New job
8 5 19 9 8 17 3 18 21 15
10 12 22 3 0 5 3 7 8 10
8 1 2 16 4 5 20 8 20 18
# New job
6 6 8 0 3 3 18 7 15 5
12 0 18 5 1 3 13 18 8 4
24 24 15 20 4 18 5 0 22 0
# New job
6 7 5 7 1 0 20 23 10 4
7 8 4 14 7 10 12 11 10 19
22 9 10 9 21 15 0 13 9 5
# New job
24 23 1 21 24 18 21 5 1 13
9 4 17 10 14 20 23 14 7 5
1 15 19 17 19 24 16 21 5 22
# New job
10 13 7 17 21 8 2 0 24 20
12 0 1 8 21 24 23 19 10 10
22 18 20 11 12 16 21 10 16 17
# New job
13 19 19 19 7 13 8 10 10 16
24 3 1 8 13 4 11 0 12 11
24 17 2 10 3 8 9 15 9 17
# New job
6 9 16 0 1 22 8 9 11 19
6 19 2 22 6 24 6 23 8 18
8 5 23 2 19 2 24 13 5 4
# New job
13 4 11 9 13 10 8 0 12 7
13 1 7 16 13 16 24 18 11 21
17 9 22 18 18 15 3 8 0 0
# New job
17 19 8 8 1 24 24 4 17 19
23 16 8 19 6 18 21 17 12 11
6 14 16 24 2 15 4 13 6 11
# New job
2 23 14 2 15 2 14 12 23 5
17 4 15 23 15 3 3 4 12 14
1 15 2 16 2 17 19 7 23 13
# New job
9 24 2 6 14 23 11 23 13 18
7 18 17 14 20 13 10 8 24 14
3 11 6 2 24 14 24 23 7 12
# New job
22 11 20 13 17 24 24 6 12 11
22 8 15 10 3 11 12 19 19 3
21 6 5 5 8 15 11 13 22 1
# New job
0 23 2 17 7 24 17 22 3 16
24 14 16 21 24 17 12 19 23 19
12 22 18 18 4 23 1 5 18 19
# New job
4 12 17 3 4 10 22 7 20 3
9 20 12 0 24 10 0 16 9 10
24 11 5 17 9 14 21 17 10 1
# New job
2 19 24 4 17 11 22 24 4 0
6 6 7 10 19 21 16 10 11 23
21 0 16 4 17 20 8 11 5 13
# New job
10 1 23 12 22 22 8 19 24 4
20 20 4 7 23 17 18 10 1 12
24 21 9 2 20 4 6 13 17 4
# New job
6 15 12 7 13 16 5 5 16 14
11 9 6 12 0 13 20 2 12 18
24 7 21 13 12 7 23 8 1 13
# New job
21 10 8 19 19 12 16 3 24 12
22 11 13 16 11 13 2 22 13 13
5 18 5 3 3 1 10 17 16 16
# New job
18 2 1 17 0 6 5 21 0 16
23 11 11 2 1 3 17 18 19 5
16 3 18 21 9 13 1 16 9 21
# New job
15 13 9 17 18 1 13 7 3 7
16 23 9 11 24 14 2 0 3 3
2 24 19 7 23 8 10 9 16 24
# New job
18 10 18 2 19 10 13 12 1 23
15 0 19 15 12 15 4 17 19 19
8 24 4 15 9 21 16 16 5 22
# New job
24 19 11 2 8 0 11 14 21 24
16 0 14 5 21 2 3 19 24 7
10 3 20 11 23 0 18 13 9 21
# New job
2 19 23 11 14 21 3 17 2 15
9 23 7 16 6 19 4 23 8 19
14 22 10 20 20 14 3 18 20 22
# New job
16 4 14 13 3 18 11 20 20 19
10 4 4 13 0 10 18 13 16 24
1 15 4 8 1 11 9 24 5 1
# New job
23 23 10 4 2 0 0 10 17 13
13 8 5 14 1 20 5 9 1 22
13 2 16 9 19 11 21 17 14 23
# New job
8 12 21 13 20 8 9 14 5 2
16 15 13 3 22 13 11 11 8 23
21 8 17 1 6 13 12 13 23 0
# New job
23 3 1 18 16 1 19 17 22 1
11 21 15 9 5 1 0 16 8 23
19 14 4 0 21 9 16 9 21 15
# New job
24 1 12 14 0 13 6 18 10 11
5 23 13 7 0 22 12 3 1 2
24 19 1 24 23 8 6 1 13 11
# New job
17 3 22 2 12 22 7 23 12 2
10 3 11 2 14 24 18 2 13 15
10 9 23 1 17 12 23 21 12 3
# New job
19 6 12 1 18 16 19 14 18 12
7 17 13 6 17 11 23 17 20 20
15 11 7 8 17 23 18 4 15 20
# New job
20 12 20 23 22 0 6 17 20 11
3 8 4 22 22 12 17 16 0 24
20 4 21 8 8 13 4 21 16 9
# New job
8 6 3 23 18 9 16 20 13 2
10 18 17 22 6 15 23 12 22 1
14 22 10 22 17 11 3 16 5 4
# New job
3 23 13 22 15 1 19 11 10 17
9 14 20 20 0 12 8 23 11 6
16 18 20 15 5 2 4 21 24 18
# New job
18 15 24 2 7 3 12 4 16 13
8 14 17 0 22 7 5 5 0 13
13 21 22 4 11 5 9 14 13 2
# New job
23 5 13 20 4 10 21 23 24 11
0 9 4 3 24 6 24 2 15 6
18 9 13 14 0 11 24 11 17 12
# New job
17 24 23 9 12 20 21 22 21 6
1 14 14 24 0 22 1 20 17 14
11 18 14 1 5 3 14 10 17 4
# New job
18 0 12 8 5 2 14 13 1 19
5 12 17 18 20 2 23 1 1 0
2 23 19 0 14 22 2 20 23 2
# New job
23 2 12 19 15 18 5 8 13 0
8 20 22 18 20 21 5 5 21 11
0 16 14 12 6 19 20 10 23 9
# New job
10 8 12 2 14 20 5 11 8 24
21 8 3 14 15 10 14 14 24 10
20 16 1 14 13 24 4 4 10 3
# New job
20 18 1 5 7 19 22 4 4 6
7 23 17 14 4 8 14 17 6 2
17 20 22 18 6 9 22 4 14 14
# New job
5 20 24 8 22 24 21 20 17 3
15 14 14 19 19 15 8 7 7 11
4 3 21 16 12 15 8 12 14 12
# New job
13 4 19 3 4 13 19 24 3 17
22 12 24 15 8 13 0 18 24 19
1 23 16 9 16 3 22 19 23 21
# New job
8 19 24 5 12 18 9 19 15 18
21 11 17 21 21 13 0 16 18 9
8 16 8 2 11 10 9 7 11 6
# New job
18 22 10 15 22 22 22 7 23 0
24 10 14 14 1 11 23 18 6 4
7 18 8 18 21 10 2 19 19 9
# New job
15 6 7 18 5 14 12 7 14 17
24 11 6 13 17 24 19 21 13 4
4 2 17 13 15 10 21 14 17 12
# New job
7 5 14 24 24 15 11 24 15 22
21 5 23 23 19 1 5 7 14 1
10 7 20 10 22 16 5 21 9 4
# New job
21 20 16 1 8 16 19 9 2 7
14 11 2 16 13 13 16 22 22 8
8 19 1 4 18 4 22 21 15 16
# New job
18 0 2 4 1 4 5 5 4 3
9 19 17 11 18 8 14 21 11 11
18 18 20 22 6 2 6 24 14 14
# New job
19 2 10 14 9 21 21 7 5 6
8 3 5 5 3 12 8 7 16 19
20 8 7 11 23 16 1 8 13 7
# New job
14 16 6 21 7 10 1 5 19 14
11 1 10 6 8 13 13 0 19 21
20 16 24 7 10 12 8 11 1 13
# New job
15 14 2 21 2 18 0 17 19 19
3 15 4 10 3 2 16 6 10 20
13 2 13 23 16 23 18 11 13 4
# New job
16 19 17 21 1 21 7 21 3 13
6 11 11 21 7 12 16 3 8 14
11 22 5 17 7 6 5 12 16 6
# New job
18 22 2 12 18 4 0 9 5 12
8 17 6 23 3 15 18 8 18 5
18 13 17 16 21 22 9 23 4 3
# New job
22 1 8 3 3 3 1 19 14 17
15 7 3 21 17 3 4 5 16 1
21 2 8 19 22 13 20 4 15 2
# New job
8 23 16 17 0 24 0 18 22 10
21 8 21 12 16 5 1 3 18 3
6 3 0 19 8 16 13 24 1 19
# New job
12 0 24 24 23 24 8 8 22 6
19 16 4 13 9 3 5 23 12 10
17 1 16 9 9 12 5 15 23 15
# New job
17 15 23 4 13 9 10 15 24 19
22 9 20 18 2 18 16 11 11 4
21 6 14 16 14 9 20 8 1 7
# New job
14 10 4 8 21 23 21 21 4 24
8 20 0 11 20 2 4 8 4 19
5 18 14 4 8 9 3 24 22 23
# New job
0 23 21 23 8 3 15 20 13 17
21 6 0 4 3 9 14 17 24 22
6 24 20 11 12 2 20 6 10 10
# New job
24 22 22 17 12 22 11 1 9 17
20 20 6 4 17 23 11 7 3 19
17 7 19 16 23 2 16 1 1 5
# New job
7 19 20 3 19 14 5 17 7 2
15 10 7 21 7 6 6 23 17 10
13 20 17 5 2 14 10 13 5 17
# New job
6 1 11 5 2 2 24 13 2 3
15 11 8 18 17 9 21 16 1 23
5 4 15 1 15 10 3 7 20 12
# New job
7 2 4 0 16 18 17 19 4 22
17 4 10 17 15 6 12 6 15 16
20 6 2 11 4 24 17 14 3 23
# New job
4 1 13 23 8 21 6 0 1 15
15 16 6 7 9 15 10 23 6 5
23 22 23 24 1 15 11 24 13 18
# New job
18 7 15 14 20 12 20 22 14 4
5 10 7 8 16 3 22 10 13 1
2 0 23 5 6 12 4 1 15 14
# New job
3 12 9 9 9 13 12 14 6 15
23 21 1 5 0 1 6 19 16 18
21 23 12 6 11 18 12 10 12 14
# New job
0 12 10 13 6 15 1 23 22 11
22 10 21 22 16 18 5 22 8 9
1 24 24 24 12 9 24 24 23 23
# New job
17 3 1 13 10 9 15 17 8 7
1 5 7 10 12 22 18 24 10 19
2 21 21 3 23 9 14 1 13 22
# New job
6 12 24 23 19 0 15 6 7 13
24 16 6 1 20 4 0 20 13 16
7 6 12 17 15 3 9 16 13 5
# New job
10 6 5 19 9 22 4 20 13 23
7 16 23 11 5 1 2 16 14 24
21 19 19 5 5 8 15 7 2 22
# New job
23 6 5 5 0 10 1 19 7 21
5 9 6 24 0 11 5 5 20 5
13 12 0 18 1 12 9 2 8 13
# New job
12 4 8 22 13 17 15 17 8 20
22 1 21 10 21 18 14 21 2 5
10 22 10 23 1 1 8 22 9 11
# New job
2 9 22 8 12 12 6 1 0 3
12 14 22 3 16 3 20 17 9 16
19 10 13 20 18 10 24 0 16 5
# New job
9 9 2 2 11 12 6 3 0 0
17 4 18 10 5 5 7 20 23 18
3 12 20 18 21 12 2 10 5 19
# New job
1 3 18 15 19 3 7 12 3 3
14 9 7 6 7 15 1 4 4 16
14 7 13 8 11 24 15 21 14 0
# New job
22 8 10 0 1 23 21 1 3 4
19 0 9 12 9 5 12 14 23 21
6 10 24 24 0 0 21 2 19 21
# New job
10 22 22 2 20 5 5 10 24 10
13 10 11 20 1 23 13 2 22 6
17 1 11 10 7 4 5 1 17 9
# New job
6 0 6 18 7 17 14 12 24 5
11 8 24 0 21 2 3 21 20 17
14 8 22 12 5 18 2 0 16 2
# New job
12 18 12 23 10 4 22 2 7 1
8 9 9 10 17 10 3 21 12 5
23 20 11 3 17 8 5 16 18 19
# New job
16 7 12 11 12 7 8 7 21 15
19 4 11 16 18 6 9 2 13 12
8 2 12 11 12 19 24 15 5 10
# New job
1 15 0 18 21 11 14 23 3 0
11 1 8 24 7 16 16 16 23 11
10 5 7 9 3 3 3 21 22 8
# New job
2 15 20 19 4 24 17 18 0 5
5 12 10 15 6 23 13 7 1 2
8 8 1 21 12 20 8 4 0 15
# New job
11 16 9 15 6 20 16 0 0 1
4 17 24 21 6 1 14 14 17 9
10 16 19 17 18 11 7 11 5 2
# New job
12 19 11 11 15 11 20 9 24 17
24 2 13 7 5 6 15 5 6 8
12 0 10 21 15 8 4 15 16 1
# New job
17 15 24 7 20 12 5 18 14 9
9 10 13 1 10 4 15 15 11 20
7 0 11 20 22 2 13 11 11 11
# New job
2 13 3 16 0 19 4 24 9 23
4 6 10 3 8 5 0 2 23 9
12 16 20 21 14 21 19 17 19 18
# New job
19 3 24 16 21 10 24 4 6 19
13 19 18 15 14 7 10 21 2 6
10 23 6 9 24 9 19 22 16 17
# New job
15 18 12 20 16 16 14 0 16 16
24 15 19 22 14 1 22 3 20 0
8 6 17 6 22 4 14 23 8 4
# New job
8 7 3 18 3 24 12 22 23 24
8 24 19 18 4 2 0 8 15 14
14 22 4 11 16 19 16 9 24 13
# New job
2 23 16 8 8 7 16 3 9 18
19 5 20 5 3 21 13 5 16 18
7 11 3 2 15 13 0 21 10 0
# New job
12 2 22 21 9 3 6 15 21 0
6 8 7 22 2 0 7 10 20 16
20 18 16 6 24 13 8 12 18 19
# New job
22 12 15 9 15 5 21 17 5 23
11 18 6 22 8 18 20 22 10 10
18 1 22 4 10 15 17 19 23 8
# New job
8 7 24 24 20 19 8 21 9 6
6 11 21 16 19 22 10 10 3 15
21 2 24 12 21 16 24 11 4 6
# New job
17 10 7 21 1 22 24 1 8 20
20 18 3 3 17 23 15 15 16 2
20 21 8 23 5 8 13 19 22 6
# New job
17 17 3 23 11 24 15 1 10 5
17 21 8 2 2 20 21 18 7 7
10 20 15 20 17 20 1 23 19 2
# New job
5 6 10 9 12 5 3 24 16 5
24 1 6 21 17 24 3 7 10 11
0 15 16 23 20 8 3 2 15 19
# New job
1 12 19 10 16 24 18 22 8 17
14 11 22 5 13 1 0 18 15 3
1 13 16 22 0 18 8 5 14 4
# New job
10 4 17 10 6 12 3 21 5 4
14 3 5 18 0 4 23 4 20 17
4 12 10 9 2 7 21 17 1 15
# New job
18 12 9 1 11 1 6 10 24 14
19 14 10 2 16 7 15 10 10 6
3 10 20 12 13 18 20 7 16 16
# New job
20 6 22 13 12 18 13 7 23 20
11 5 19 23 3 19 16 20 2 3
21 12 19 16 15 6 8 9 11 5
# New job
3 1 4 18 9 6 0 10 0 0
15 9 20 5 15 6 24 3 21 23
20 16 22 10 18 20 4 6 14 12
# New job
15 3 7 9 21 19 17 15 4 17
7 14 2 18 0 18 18 17 12 6
17 4 14 8 7 17 7 16 24 1
# New job
1 12 20 20 19 24 13 1 17 7
15 22 1 9 0 24 6 20 1 3
17 24 16 7 16 11 19 22 1 13
# New job
5 18 22 4 6 18 9 3 16 6
22 14 23 24 13 11 19 20 2 1
24 13 9 16 11 0 3 17 8 10
# New job
