# Job size: 200, Route size 3, Operation size 10 
# Machine size: 40
8 16 25 25 15 18 35 3 31 17
19 19 37 30 9 29 1 32 4 32
15 22 32 12 28 18 14 15 4 9
# New job
34 1 30 12 10 15 16 27 1 2
14 7 20 39 19 22 23 35 15 14
2 4 33 38 8 7 21 17 7 13
# New job
19 39 11 6 31 24 6 29 38 38
9 23 21 24 7 21 1 14 1 26
21 2 33 7 30 13 0 4 4 36
# New job
27 9 8 25 15 21 26 26 11 34
32 8 35 13 0 23 36 29 19 4
34 20 5 15 31 12 2 15 19 35
# New job
35 19 38 8 14 33 18 4 10 21
25 30 9 36 18 6 17 25 30 6
7 17 18 17 20 31 26 5 32 0
# New job
16 23 29 27 11 37 31 14 24 32
37 10 1 37 30 23 20 7 0 5
4 6 30 38 5 10 4 14 3 4
# New job
21 5 28 31 15 34 32 25 8 20
24 21 26 16 37 36 18 8 23 39
35 19 31 6 19 0 18 14 39 0
# New job
32 4 10 34 2 3 16 9 21 20
12 29 33 6 29 36 16 28 3 3
7 26 1 31 34 25 35 38 21 38
# New job
14 21 37 8 5 5 26 22 2 9
19 15 29 0 36 38 28 28 7 37
26 33 19 30 25 18 31 8 15 17
# New job
31 30 6 9 7 5 20 23 30 5
5 27 23 23 2 9 10 11 21 32
17 22 2 23 36 5 15 24 14 6
# New job
39 9 22 1 27 29 25 17 11 0
9 14 34 11 34 8 2 29 33 39
30 11 21 33 38 26 19 8 26 20
# New job
29 0 33 1 9 28 10 35 31 13
2 11 11 1 3 36 20 16 39 4
25 9 3 25 15 1 18 27 28 32
# New job
32 37 9 33 39 37 28 39 22 22
23 26 1 18 39 36 18 23 37 21
32 34 2 15 39 27 12 25 4 1
# New job
23 22 34 36 21 29 27 21 13 29
36 0 33 34 38 8 31 2 15 12
37 1 36 20 3 4 30 4 36 9
# New job
16 36 8 12 9 26 35 10 35 31
29 6 13 27 19 6 14 28 35 38
37 17 28 39 17 11 29 29 23 9
# New job
15 19 39 18 33 15 13 7 21 11
11 19 35 33 1 22 26 32 10 20
32 2 34 25 2 17 12 16 34 16
# New job
32 16 13 20 15 21 33 23 5 0
37 4 0 10 9 35 8 1 34 7
22 13 31 16 11 11 9 2 29 28
# New job
21 19 12 20 0 26 9 0 30 26
12 1 13 36 11 32 34 27 32 23
8 12 4 29 12 25 36 36 2 2
# New job
25 35 23 2 22 33 27 30 11 4
0 5 8 13 13 31 18 7 18 28
30 3 14 16 22 11 13 37 5 7
# New job
21 17 9 20 18 34 32 0 26 0
7 33 4 18 23 32 1 11 33 20
27 4 20 37 12 38 26 30 10 31
# New job
22 34 34 32 19 13 34 23 24 0
8 2 5 8 16 2 2 1 35 28
0 3 5 9 29 20 15 12 2 10
# New job
32 25 20 17 5 10 21 28 19 31
22 32 34 10 13 10 4 11 12 2
21 14 20 24 34 13 6 24 33 8
# New job
0 3 15 12 0 8 13 2 10 2
31 22 39 11 15 14 0 20 8 0
21 23 22 20 35 26 22 9 24 15
# New job
36 28 9 21 21 29 16 14 27 4
27 25 26 21 15 16 18 3 21 37
9 22 25 3 22 16 22 9 33 7
# New job
32 35 7 26 2 37 26 4 3 6
28 33 16 17 26 26 22 37 8 38
23 20 0 20 17 18 1 13 22 32
# New job
28 16 13 24 39 32 15 20 12 5
8 30 22 16 11 19 1 3 1 17
0 30 12 19 7 29 3 24 15 22
# New job
38 4 36 6 6 24 25 13 3 38
20 25 15 24 22 15 28 9 36 11
13 12 33 2 13 29 13 38 27 21
# New job
39 16 30 11 5 25 10 4 5 5
13 31 27 4 0 31 34 37 21 4
37 1 14 24 7 1 21 29 21 25
# New job
20 11 34 17 4 35 31 18 22 37
19 10 34 38 13 22 6 32 6 26
27 32 3 35 9 10 23 29 26 9
# New job
11 14 26 16 29 22 27 37 7 3
37 24 8 3 29 39 15 36 18 1
23 22 2 18 31 12 33 9 15 29
# New job
28 2 37 20 8 2 28 15 9 2
11 10 22 12 13 9 30 34 7 2
20 2 39 21 39 27 29 14 2 7
# New job
39 36 3 12 9 11 37 27 18 17
27 32 39 30 12 13 36 27 7 34
31 2 24 35 27 10 33 6 24 16
# New job
16 22 9 15 3 24 5 33 3 10
12 6 30 30 25 17 14 16 35 35
30 23 38 6 9 14 17 3 17 0
# New job
2 31 33 24 9 23 5 33 26 31
9 15 30 30 24 23 17 23 19 17
38 37 0 10 12 7 39 7 20 6
# New job
13 30 25 14 6 3 13 39 35 24
28 38 29 1 13 11 2 35 32 12
25 22 15 26 14 14 24 5 4 15
# New job
20 39 16 25 2 38 26 28 4 24
2 35 9 23 38 24 3 11 8 34
5 18 36 19 39 37 17 11 37 12
# New job
5 28 4 32 34 24 35 5 16 7
3 13 22 31 22 37 38 4 17 2
37 16 37 7 20 17 17 24 12 16
# New job
35 23 18 14 26 13 39 33 27 3
8 38 32 37 32 30 11 7 1 14
1 9 10 14 22 19 1 8 0 3
# New job
23 37 1 1 15 29 35 36 19 19
20 30 15 22 37 36 24 2 5 34
34 36 35 4 0 30 14 24 23 20
# New job
8 13 36 4 19 29 35 15 23 0
2 18 37 36 39 5 4 11 1 8
6 6 36 29 5 9 12 24 36 34
# New job
12 22 7 36 3 20 6 7 7 29
15 18 12 1 19 20 2 16 26 38
6 6 2 30 11 38 20 31 35 7
# New job
30 23 17 3 3 11 39 39 19 30
35 36 16 7 10 11 12 17 34 3
6 18 14 27 17 31 13 2 19 22
# New job
19 37 3 35 38 28 23 17 6 30
4 7 36 32 35 27 26 8 37 20
24 28 30 35 23 12 26 34 13 3
# New job
22 9 14 5 19 29 17 11 38 32
30 7 17 23 12 23 22 26 29 28
14 13 34 31 25 23 37 23 21 3
# New job
9 28 27 36 36 26 9 27 31 35
16 38 36 37 19 8 23 15 13 31
26 35 16 23 16 12 15 12 0 33
# New job
12 25 3 33 0 38 14 32 26 23
26 39 21 30 13 37 34 39 25 12
29 26 16 5 17 9 29 18 27 8
# New job
7 7 26 16 2 36 6 12 35 17
23 19 20 8 28 29 8 4 1 28
30 2 2 13 14 39 31 38 29 31
# New job
19 3 3 22 24 2 19 22 12 30
5 21 15 37 38 27 19 10 22 10
30 28 3 12 21 22 18 7 26 3
# New job
32 0 0 13 0 21 29 7 4 8
22 8 6 38 9 17 9 10 15 4
18 33 22 33 32 19 0 37 13 24
# New job
21 14 27 0 8 38 11 10 16 25
5 13 29 21 15 19 26 33 6 33
32 35 13 28 14 29 21 21 23 8
# New job
10 22 25 5 31 15 29 4 29 20
29 27 19 39 32 33 31 8 39 23
7 30 14 11 9 14 2 9 39 34
# New job
23 24 31 15 10 8 38 33 10 27
22 22 17 2 9 35 26 0 12 23
25 5 35 1 39 12 32 27 24 16
# New job
0 23 33 12 1 24 19 13 18 0
8 8 22 34 37 22 21 8 15 7
4 30 7 32 29 14 17 14 23 7
# New job
31 19 34 13 22 31 6 22 3 30
14 29 5 13 18 37 30 38 30 6
33 12 19 11 8 8 29 35 22 10
# New job
3 4 3 37 38 28 6 27 9 28
18 7 3 33 5 4 18 7 3 24
24 38 1 0 23 0 21 20 32 1
# New job
4 12 5 14 15 9 17 13 24 36
33 37 36 38 5 24 7 28 19 20
39 28 30 30 29 14 3 31 18 35
# New job
28 31 38 27 20 39 36 18 23 36
35 6 38 8 6 24 27 32 20 39
29 5 3 31 2 16 16 27 26 32
# New job
6 38 33 11 1 34 13 26 37 20
15 4 8 29 9 33 21 37 34 37
16 3 39 31 34 39 35 29 18 36
# New job
25 32 22 35 28 32 22 22 8 19
38 24 2 14 31 35 19 13 12 26
11 1 29 39 2 34 33 8 10 15
# New job
2 29 13 13 35 16 5 22 36 11
33 20 1 38 28 35 17 27 3 12
8 25 3 31 0 38 10 8 37 22
# New job
35 20 4 22 2 22 28 7 23 13
26 14 29 13 9 1 29 28 34 16
8 21 13 32 34 28 31 3 5 8
# New job
15 34 25 5 35 37 8 38 30 8
32 11 24 35 11 2 19 21 38 27
33 10 14 0 8 30 31 30 20 26
# New job
39 0 28 11 39 25 7 34 8 4
13 24 29 27 37 15 33 7 4 0
2 29 19 33 6 12 37 25 21 36
# New job
1 26 8 25 25 6 36 19 1 26
10 14 19 11 13 17 1 16 23 1
9 22 39 3 34 23 12 3 38 21
# New job
12 37 35 14 9 37 30 2 35 24
3 36 6 8 33 1 13 6 6 38
6 25 10 5 15 23 28 14 12 10
# New job
2 25 39 18 38 36 1 31 25 7
1 35 23 27 19 31 25 15 32 35
24 11 3 4 17 9 31 29 15 1
# New job
11 2 33 28 34 10 29 20 21 32
10 19 13 20 36 10 6 5 39 32
36 27 38 11 31 15 24 8 4 13
# New job
19 6 38 21 20 6 26 19 4 20
11 35 16 9 36 31 30 17 8 17
33 28 18 27 24 10 5 0 13 28
# New job
19 31 19 11 3 39 0 37 18 3
11 25 27 39 23 20 29 3 9 33
28 20 27 30 16 21 13 23 37 0
# New job
39 11 39 30 23 17 24 1 12 9
26 2 6 9 27 15 39 5 37 13
26 14 18 4 32 15 4 25 30 26
# New job
18 37 21 36 17 27 0 6 5 32
15 14 27 12 17 14 38 25 38 15
17 10 10 34 38 11 22 4 34 19
# New job
32 11 15 10 26 9 5 38 34 30
16 38 34 38 4 25 6 33 32 38
37 26 38 25 1 2 28 32 3 23
# New job
35 35 26 11 18 5 21 31 20 8
32 30 18 24 24 38 20 35 8 7
30 22 36 29 19 39 27 14 12 21
# New job
4 25 39 3 24 26 18 14 4 25
19 13 19 3 31 30 16 7 6 17
0 33 1 25 14 35 12 10 35 2
# New job
11 9 7 13 13 38 3 10 28 5
11 4 17 7 9 3 11 5 6 33
7 31 1 37 33 21 23 13 6 17
# New job
38 24 24 20 28 32 19 20 29 28
30 1 38 16 34 31 27 23 36 38
1 13 39 25 33 23 23 36 35 18
# New job
20 23 35 4 28 39 26 7 35 38
18 31 8 27 1 10 37 15 19 19
9 24 14 31 0 8 19 22 37 11
# New job
26 38 1 30 19 10 36 37 11 14
21 24 39 34 6 22 22 28 17 0
9 0 20 7 0 1 36 3 20 3
# New job
5 10 7 0 18 21 18 26 20 16
23 35 2 25 11 27 36 26 33 7
5 38 30 33 14 8 32 5 17 38
# New job
21 26 35 34 28 8 36 36 22 5
9 2 22 29 12 22 31 10 20 34
28 37 29 5 38 35 3 11 12 1
# New job
38 21 36 31 8 26 2 27 32 24
37 39 38 1 4 14 2 2 34 39
36 1 4 38 6 13 33 22 27 32
# New job
33 30 30 21 37 31 38 16 12 4
15 30 15 29 29 20 7 23 25 6
8 29 0 23 7 19 27 17 20 16
# New job
2 8 15 38 2 13 32 4 29 30
25 34 16 33 6 31 25 36 36 18
2 8 6 2 30 24 20 24 28 19
# New job
36 36 14 29 3 1 14 31 37 10
22 21 20 32 13 15 36 16 26 29
39 38 13 13 27 6 22 6 35 31
# New job
27 17 13 17 33 22 23 12 33 3
35 5 1 19 39 0 15 28 14 19
17 12 20 2 18 9 37 23 11 19
# New job
21 6 19 11 6 18 5 29 22 29
38 30 20 13 17 36 22 5 13 16
17 22 39 19 10 21 3 18 33 2
# New job
8 33 37 38 21 26 20 0 25 30
30 11 23 28 33 12 16 29 9 9
23 35 4 12 37 19 12 7 14 35
# New job
28 9 37 23 7 7 38 14 30 37
14 22 34 20 27 27 4 21 38 13
30 36 11 22 32 12 31 12 12 16
# New job
35 6 23 34 6 10 3 13 26 2
32 11 0 10 35 11 21 18 26 39
36 19 28 2 19 31 8 39 5 9
# New job
20 31 6 7 15 32 23 23 24 27
12 19 2 0 23 34 7 32 21 27
34 38 33 6 32 11 35 15 7 37
# New job
16 37 19 19 10 21 5 34 21 10
3 28 4 20 39 31 6 21 33 5
17 9 0 38 19 36 4 33 6 3
# New job
36 13 17 7 16 37 11 26 20 22
22 1 11 17 23 26 29 27 9 2
4 35 24 28 31 19 11 4 20 28
# New job
36 20 27 37 24 20 13 7 30 31
17 9 21 33 36 8 34 19 28 12
0 0 27 37 35 31 33 10 19 23
# New job
28 11 35 19 26 34 28 25 12 35
7 32 26 4 37 16 4 12 13 1
0 29 1 11 19 8 11 27 35 21
# New job
8 28 11 36 22 6 22 34 25 4
34 21 19 31 22 35 2 21 6 16
27 15 17 11 38 15 20 7 30 7
# New job
24 27 19 14 26 18 1 37 29 1
10 32 2 9 34 8 7 28 31 12
13 28 38 37 8 21 8 21 0 16
# New job
37 4 15 25 10 8 19 13 26 26
37 3 13 4 11 29 7 13 31 22
2 32 37 12 4 12 26 12 32 18
# New job
16 23 28 5 0 2 14 14 27 9
14 12 13 28 39 32 11 30 12 20
16 3 12 33 35 7 18 1 19 11
# New job
15 2 11 4 39 31 22 21 35 34
38 6 10 23 39 12 26 35 1 24
26 18 36 13 21 31 1 1 8 15
# New job
37 23 27 9 10 8 6 35 33 36
9 22 0 16 10 8 25 22 3 16
20 32 20 25 16 30 38 29 9 33
# New job
25 8 11 33 1 22 39 39 25 0
20 32 25 36 38 29 14 8 8 19
38 24 3 34 3 28 19 39 14 38
# New job
10 6 30 38 10 31 13 27 6 33
4 24 20 28 12 12 7 6 19 35
9 1 29 3 0 32 3 10 36 27
# New job
22 15 24 10 29 29 22 31 20 33
21 26 19 10 11 2 35 8 19 18
14 3 31 3 36 11 7 32 14 21
# New job
39 9 2 29 18 26 31 33 38 38
19 17 25 19 30 23 7 12 29 36
3 24 4 26 36 14 19 10 5 29
# New job
14 32 18 28 11 6 33 37 20 28
9 32 6 13 35 5 15 30 26 15
22 13 2 30 39 34 27 29 2 28
# New job
35 18 24 34 12 0 32 29 21 21
10 31 32 33 30 28 15 5 28 20
3 20 33 21 24 27 28 12 9 7
# New job
20 22 32 17 25 3 2 37 20 39
24 6 14 0 9 5 8 38 15 10
39 6 24 10 16 9 39 13 25 16
# New job
20 19 10 28 27 18 12 31 20 39
9 9 29 10 29 0 3 37 33 35
12 36 11 13 20 27 11 17 3 9
# New job
15 25 33 28 34 7 30 20 16 9
26 13 11 33 13 38 28 2 11 6
21 33 29 11 25 12 25 17 17 11
# New job
33 1 6 6 29 21 23 10 21 34
21 18 30 7 35 32 21 36 1 37
2 32 32 22 28 30 16 36 7 12
# New job
14 24 34 7 35 27 8 16 3 17
14 1 30 21 7 37 17 6 39 16
7 31 17 38 23 1 34 32 37 33
# New job
32 0 35 3 14 38 14 38 20 35
12 18 7 18 25 7 35 4 34 29
20 19 6 29 19 22 13 12 24 20
# New job
10 28 21 0 29 33 32 22 21 6
23 36 15 11 15 34 36 24 25 4
12 26 9 7 7 2 39 15 7 1
# New job
0 24 1 19 10 23 27 15 36 14
13 20 24 14 22 6 12 24 3 26
15 17 37 0 23 4 19 35 16 19
# New job
39 22 24 16 13 31 2 35 21 5
9 15 17 35 29 33 22 35 5 17
12 1 22 36 14 8 15 15 24 31
# New job
23 24 9 1 2 6 6 33 11 35
39 22 27 23 33 6 21 20 33 14
17 32 0 21 20 30 21 25 2 31
# New job
10 17 15 20 39 15 12 6 29 37
2 34 32 32 6 17 21 2 17 12
12 21 29 19 37 28 30 31 28 15
# New job
28 3 16 18 21 20 38 34 23 5
17 22 39 2 26 26 28 2 28 20
12 34 7 2 11 35 26 17 25 7
# New job
24 1 3 11 19 11 0 21 33 13
28 34 29 30 35 10 33 8 5 9
9 22 23 26 32 15 37 21 26 19
# New job
9 11 1 8 17 27 18 12 36 17
33 20 27 29 24 0 8 9 31 29
27 22 13 17 14 31 0 38 9 4
# New job
18 4 7 13 19 31 27 8 12 34
21 38 16 8 21 29 7 20 2 19
32 37 32 26 8 36 29 8 16 2
# New job
10 4 38 32 7 29 2 21 22 21
20 10 39 25 27 4 0 31 39 31
31 33 11 31 31 22 9 25 31 2
# New job
29 29 39 12 32 11 10 14 1 31
9 9 35 20 20 28 4 19 32 2
39 28 32 0 20 31 1 33 39 25
# New job
18 18 22 4 7 28 25 11 0 22
31 23 22 37 27 17 29 33 11 15
28 19 10 11 36 32 1 17 1 19
# New job
12 16 20 35 14 19 8 25 33 6
16 25 17 21 5 8 20 35 39 13
23 25 29 13 34 2 25 39 32 20
# New job
10 38 8 1 30 3 3 30 30 31
2 15 18 1 32 35 31 20 39 30
25 28 19 10 34 15 4 16 15 5
# New job
27 31 15 15 31 24 16 28 32 31
31 29 26 10 30 5 15 28 23 27
9 18 5 2 21 8 22 35 15 39
# New job
28 22 10 12 28 9 29 17 36 11
21 35 9 33 7 26 0 21 7 23
32 1 1 24 26 31 14 14 30 15
# New job
16 19 31 27 0 25 25 29 30 2
19 10 26 7 10 32 39 0 13 31
9 17 10 34 22 11 12 9 11 17
# New job
12 27 31 24 12 34 27 3 24 36
28 14 32 1 29 12 33 11 22 28
6 38 28 32 38 5 21 0 9 31
# New job
2 0 2 35 18 34 18 1 12 22
22 34 0 13 24 9 29 22 14 34
35 3 4 27 32 33 20 21 26 11
# New job
36 6 25 24 11 26 4 22 39 7
39 24 31 21 32 5 27 0 4 2
21 28 22 30 11 5 12 29 5 20
# New job
9 27 30 29 21 18 24 19 14 7
8 30 13 5 27 38 23 39 25 13
37 23 38 17 9 13 10 14 7 31
# New job
27 2 23 6 16 11 2 36 15 33
13 9 28 3 37 26 15 32 34 36
3 19 11 38 33 31 15 25 27 6
# New job
14 12 2 29 7 5 21 33 38 26
38 4 39 23 34 36 15 30 38 18
16 19 18 8 35 8 13 20 33 14
# New job
5 17 36 21 16 0 10 21 13 22
7 19 17 0 4 1 24 34 31 28
28 3 23 37 25 6 39 13 15 12
# New job
0 18 26 10 6 18 25 39 7 35
8 27 34 33 22 15 37 11 2 38
37 34 33 32 37 24 24 11 29 6
# New job
33 35 23 14 19 28 32 1 0 1
39 37 17 28 26 33 35 14 6 8
1 24 10 11 18 33 17 15 37 39
# New job
16 28 24 29 10 6 7 34 10 28
31 18 9 21 38 5 9 25 39 19
6 20 17 35 0 38 36 20 33 32
# New job
1 12 20 17 15 22 29 31 36 18
13 31 27 21 28 13 2 30 18 24
7 5 5 20 27 16 14 20 29 28
# New job
1 9 17 12 1 18 35 5 19 2
3 5 27 9 32 2 34 36 5 29
1 9 6 25 32 39 33 16 25 22
# New job
36 2 3 15 9 7 11 34 2 31
38 10 12 32 30 35 11 11 14 16
26 3 33 1 21 10 34 6 12 18
# New job
23 18 0 17 4 19 26 3 27 10
4 4 32 1 28 4 25 17 19 28
1 33 21 25 18 34 0 36 8 12
# New job
8 21 16 29 18 31 14 16 36 11
35 19 7 37 31 36 13 24 20 25
22 17 37 23 8 37 39 16 11 29
# New job
7 28 17 9 32 34 31 25 14 7
15 14 16 4 28 35 28 33 10 28
25 7 36 13 5 7 35 6 2 1
# New job
22 35 10 5 9 28 27 8 28 22
20 38 15 27 4 29 25 38 39 7
22 31 14 31 35 31 20 27 14 20
# New job
37 3 8 26 39 6 11 18 4 20
4 33 15 21 27 31 17 0 27 26
26 7 5 11 20 37 33 2 34 19
# New job
32 1 1 4 26 21 7 1 17 14
24 33 23 10 25 8 6 15 9 28
11 32 7 22 20 4 18 6 36 8
# New job
2 20 1 1 35 19 35 2 9 32
35 12 18 34 23 39 3 12 22 31
27 1 36 14 38 2 20 10 18 6
# New job
8 4 2 30 35 39 31 10 0 35
19 37 24 38 33 36 20 5 31 3
3 19 20 15 12 23 23 22 3 23
# New job
1 33 19 15 16 33 4 23 11 0
35 23 1 10 4 13 34 11 26 30
20 4 27 10 31 13 37 6 19 14
# New job
37 13 1 15 28 34 32 7 13 37
28 29 20 19 31 5 31 7 29 28
30 6 27 10 31 32 25 10 12 33
# New job
32 5 9 39 16 4 20 12 24 15
37 6 21 19 36 5 9 24 4 29
2 1 2 14 30 22 20 0 16 2
# New job
23 10 17 32 30 13 37 29 39 1
2 20 18 7 28 16 19 27 35 38
33 1 27 15 14 0 34 9 28 25
# New job
31 27 29 5 24 26 20 23 14 35
25 16 2 31 37 28 0 34 13 24
31 26 1 7 15 2 3 8 36 31
# New job
31 18 37 6 6 36 23 20 27 7
1 18 15 28 38 12 15 20 14 25
12 0 0 13 24 9 16 3 31 0
# New job
37 33 27 27 14 12 24 6 17 34
14 31 19 4 24 3 15 26 26 15
20 26 16 14 22 36 13 36 33 5
# New job
1 7 10 16 32 5 30 11 2 31
11 8 16 2 36 25 38 22 12 11
26 29 3 27 4 15 7 14 15 4
# New job
9 15 20 17 30 30 20 32 8 26
39 17 32 39 8 33 2 37 9 25
5 8 37 28 8 18 21 36 13 22
# New job
19 39 24 28 33 2 12 29 28 27
37 24 29 37 8 3 39 1 16 36
38 38 13 6 10 26 19 17 18 6
# New job
4 24 25 39 4 31 9 8 3 13
34 0 3 30 27 34 8 29 39 34
27 5 26 2 35 18 37 28 27 16
# New job
17 12 35 34 28 21 3 13 21 7
20 14 5 19 11 25 24 13 22 3
16 1 25 28 0 3 13 21 31 14
# New job
37 22 12 21 15 9 0 23 18 5
10 24 30 30 0 20 15 37 18 9
9 12 7 34 25 35 35 17 17 9
# New job
38 31 0 17 25 32 0 1 32 10
30 19 18 27 0 28 23 36 7 21
10 6 32 15 29 29 36 13 6 29
# New job
26 14 10 29 8 31 32 13 19 11
28 20 0 7 36 28 23 14 17 36
30 35 35 39 10 26 27 33 23 8
# New job
28 12 0 8 16 2 3 2 29 21
1 13 7 35 15 0 3 6 11 5
7 20 17 12 8 8 9 14 14 22
# New job
33 27 13 18 35 4 0 20 18 25
33 37 32 39 10 0 16 15 30 13
9 15 12 7 36 8 13 14 7 19
# New job
6 11 36 1 5 4 18 1 32 15
20 28 0 24 24 24 7 6 18 14
29 8 37 29 29 19 33 36 17 3
# New job
13 24 12 11 15 8 13 37 31 27
18 14 30 15 26 34 27 16 1 0
28 31 18 22 13 6 21 22 3 1
# New job
27 10 11 1 17 34 9 4 37 10
23 23 21 9 12 36 1 30 22 27
8 36 19 22 8 26 4 16 9 4
# New job
39 32 29 17 12 32 5 2 32 9
5 20 24 8 32 31 5 16 26 2
34 38 6 36 30 21 18 17 26 30
# New job
32 8 26 31 29 1 4 13 23 21
19 9 8 27 22 36 9 29 28 21
35 16 37 20 3 3 31 10 14 19
# New job
28 28 36 6 19 2 6 7 34 3
8 11 15 24 3 21 28 25 31 0
20 16 22 11 36 16 24 12 11 28
# New job
19 15 0 2 14 11 18 26 18 15
37 12 5 33 27 33 5 29 14 38
2 30 15 37 0 1 25 17 5 13
# New job
37 39 27 20 6 1 0 30 23 2
23 28 3 31 35 16 22 22 29 27
36 33 22 27 18 35 28 2 34 8
# New job
1 12 38 28 37 23 30 25 20 27
32 10 17 2 15 8 20 9 8 18
33 5 35 5 30 15 31 25 28 13
# New job
22 24 10 5 33 13 18 14 16 0
2 4 4 7 4 25 2 31 33 25
3 21 38 1 18 21 34 17 14 21
# New job
10 9 14 28 20 11 14 4 12 16
4 1 5 19 1 22 3 35 8 16
24 28 24 27 3 34 34 36 23 2
# New job
29 22 24 25 1 20 21 15 20 38
37 14 23 3 11 11 30 3 33 32
16 35 35 17 3 39 31 3 38 34
# New job
21 18 7 1 1 16 21 20 35 2
20 37 37 1 37 9 26 14 12 4
39 37 29 30 39 38 32 38 25 18
# New job
23 28 7 9 31 11 27 36 29 28
22 31 29 8 29 33 27 26 35 33
30 4 19 37 17 34 4 35 18 38
# New job
13 10 31 24 8 8 10 31 31 8
38 24 9 11 35 39 9 34 9 1
2 14 33 17 0 25 23 5 30 10
# New job
4 39 13 28 23 39 34 14 23 24
9 28 39 7 29 33 35 29 2 13
26 33 17 5 16 9 10 10 32 38
# New job
17 18 36 3 26 15 33 25 25 16
16 10 16 25 8 23 27 2 21 5
24 30 5 15 1 38 33 29 29 7
# New job
30 24 0 16 31 1 20 32 15 29
5 20 4 14 7 18 10 9 2 6
15 22 2 12 6 5 10 23 10 15
# New job
20 6 17 5 23 32 3 16 19 14
8 10 0 12 19 18 36 29 13 35
5 14 39 18 37 18 28 32 33 35
# New job
36 30 13 19 26 30 19 15 20 36
32 14 31 2 15 7 9 4 1 3
22 15 39 29 34 32 29 5 39 38
# New job
16 15 22 29 37 3 16 8 18 30
4 0 26 12 18 3 5 28 27 36
1 27 12 9 29 25 29 21 28 19
# New job
23 31 24 21 35 33 7 3 8 11
28 31 37 0 10 9 15 2 31 27
0 26 12 24 22 35 13 11 12 32
# New job
25 33 20 28 5 24 18 0 19 0
8 4 2 1 39 22 24 3 4 14
36 26 27 1 24 1 5 31 38 14
# New job
34 19 23 6 32 35 2 32 14 23
35 36 24 3 24 3 31 36 35 8
28 6 11 3 23 30 13 37 10 0
# New job
10 14 32 33 32 9 8 18 8 0
29 28 38 20 24 37 23 9 16 36
17 23 26 7 10 25 12 35 29 3
# New job
31 24 8 11 32 37 11 32 10 14
14 29 29 39 33 4 9 5 3 29
19 22 4 25 29 33 1 11 24 31
# New job
25 2 0 36 35 37 35 4 13 15
30 33 13 39 30 15 14 31 32 38
27 34 16 6 4 5 18 7 34 28
# New job
33 9 5 14 38 36 9 7 2 24
11 29 24 28 23 10 24 14 4 14
35 6 1 21 14 16 26 10 31 3
# New job
13 2 33 13 28 13 14 26 30 37
10 17 23 34 18 20 38 25 12 15
38 15 30 31 3 28 9 29 12 19
# New job
7 1 22 33 2 32 35 22 16 22
15 39 36 6 18 26 1 37 6 19
20 33 38 4 24 11 20 0 8 6
# New job
25 13 25 6 10 11 24 1 30 3
1 18 1 21 31 25 39 37 10 13
17 18 29 28 31 20 9 23 9 15
# New job
21 8 12 3 32 4 33 19 21 27
4 34 8 17 33 19 10 11 20 0
13 19 29 25 28 22 31 37 38 29
# New job
10 32 30 37 10 16 21 28 22 13
13 37 3 24 29 27 30 19 27 12
14 32 38 13 37 21 25 21 15 29
# New job
