# Job size: 200, Route size 3, Operation size 10 
# Machine size: 40
3 1 12 3 4 7 4 2 14 16
9 3 16 4 10 21 6 11 21 22
6 15 5 3 15 26 33 2 6 19
# New job
13 11 7 12 3 10 3 5 24 11
19 11 28 29 9 11 16 22 9 23
17 4 15 16 10 15 24 1 4 13
# New job
13 20 42 24 8 13 2 2 13 13
3 8 4 2 6 7 30 2 26 6
16 32 9 13 10 16 17 29 2 26
# New job
9 17 9 21 10 4 18 9 28 1
2 2 10 6 2 12 18 16 15 11
17 9 5 17 26 18 3 16 23 9
# New job
7 1 9 1 1 18 2 24 15 10
23 26 10 14 20 13 6 6 2 18
12 16 23 22 31 1 6 13 2 3
# New job
4 26 8 16 7 8 17 15 7 9
4 24 7 14 8 6 14 11 11 27
13 14 5 6 10 15 4 8 16 2
# New job
3 10 5 8 7 9 18 14 18 1
12 13 5 12 11 29 7 1 5 8
7 6 1 2 6 14 3 18 7 1
# New job
2 20 14 6 4 24 7 3 1 7
22 3 20 5 9 1 15 15 5 10
22 9 11 12 17 24 6 22 1 7
# New job
8 6 4 15 5 8 19 7 17 3
4 22 4 30 7 16 15 36 6 12
5 14 12 3 6 19 2 15 20 11
# New job
5 11 24 14 24 14 4 2 1 7
4 24 7 8 16 7 5 3 3 13
12 3 6 22 5 5 13 17 11 26
# New job
2 5 5 7 8 19 34 13 2 6
7 17 10 2 14 15 1 11 11 23
15 7 20 10 27 16 12 16 9 14
# New job
7 25 2 15 3 13 12 10 19 27
2 19 4 6 5 16 17 27 20 24
5 22 3 5 8 7 9 10 7 9
# New job
31 6 9 10 3 4 17 8 20 9
4 11 15 5 9 6 10 3 28 40
1 3 6 11 26 6 1 5 4 29
# New job
10 6 7 16 24 13 5 15 19 7
3 8 21 1 18 13 2 4 7 11
2 19 14 10 4 6 17 25 1 16
# New job
14 21 7 7 3 17 11 5 4 7
20 42 5 1 16 5 10 6 10 5
1 1 17 10 19 5 1 5 3 7
# New job
3 13 2 21 15 7 9 17 24 8
24 12 26 14 8 14 4 18 9 3
3 1 9 26 12 8 31 7 3 17
# New job
13 10 13 10 5 24 24 8 2 7
4 6 13 31 22 12 7 4 16 11
1 22 16 10 25 2 6 5 8 4
# New job
5 11 15 11 28 2 1 3 12 26
2 11 3 6 36 4 7 6 20 14
8 7 7 16 3 17 12 4 10 12
# New job
19 1 12 8 6 15 20 6 5 5
9 13 5 14 17 4 3 10 12 8
2 11 6 7 2 13 6 7 1 1
# New job
5 11 11 2 28 13 22 10 17 12
10 4 4 11 29 14 3 18 17 5
14 14 1 8 8 4 21 11 3 11
# New job
19 8 22 16 11 30 13 4 3 4
23 11 9 26 15 4 2 9 27 6
22 27 1 4 1 11 4 35 5 10
# New job
7 3 2 14 14 15 11 6 18 19
18 8 14 11 3 21 13 10 21 7
33 10 20 15 9 19 2 8 9 16
# New job
8 27 6 16 2 18 7 2 16 2
4 15 7 2 18 4 4 5 38 15
5 12 30 6 2 8 7 10 4 27
# New job
8 6 23 1 3 11 4 24 5 21
1 11 27 11 10 17 6 6 8 19
2 4 15 11 2 24 2 14 24 7
# New job
2 10 6 5 9 7 3 1 13 10
7 14 2 5 11 19 7 14 4 9
12 30 3 8 10 9 7 8 1 7
# New job
24 17 34 4 27 11 16 13 13 20
27 10 5 14 9 15 24 7 5 10
19 16 8 14 9 28 10 11 11 7
# New job
6 8 13 24 10 6 7 26 25 6
7 7 9 13 8 11 18 5 10 2
15 3 14 34 7 16 17 5 10 6
# New job
1 32 2 13 5 8 6 6 17 2
5 5 15 14 1 1 13 21 14 15
4 30 33 9 8 27 8 27 10 7
# New job
3 11 24 17 14 2 2 6 9 19
6 4 7 27 14 22 16 11 24 11
12 7 21 19 11 12 16 5 1 8
# New job
4 7 16 14 9 24 22 24 1 3
3 2 7 5 18 17 5 4 10 11
6 8 4 10 13 26 4 21 3 7
# New job
1 4 21 17 15 17 6 10 1 25
21 9 23 14 3 20 2 21 2 15
17 12 3 14 10 14 41 29 3 35
# New job
10 11 2 30 1 5 3 11 40 8
1 33 20 14 3 11 17 4 22 2
16 5 8 1 16 2 26 4 9 11
# New job
27 24 12 8 6 7 19 18 5 10
5 21 12 19 11 2 23 14 12 5
16 3 13 5 1 3 7 11 7 12
# New job
2 3 4 13 19 8 19 5 10 9
2 15 20 17 11 15 3 3 13 12
19 11 1 1 11 30 5 22 2 14
# New job
2 12 19 20 11 8 13 28 2 23
4 22 37 7 4 16 17 4 11 9
3 3 3 14 16 10 11 24 8 5
# New job
14 20 21 24 20 4 12 6 12 14
6 5 8 3 9 7 30 20 3 14
12 1 8 6 4 7 15 14 10 13
# New job
4 8 6 12 19 4 7 10 19 12
6 13 17 3 19 17 7 5 7 8
6 1 9 4 7 7 4 14 16 8
# New job
1 24 11 9 9 12 7 7 1 6
5 9 13 3 1 2 1 3 1 4
22 1 18 13 6 24 20 3 6 13
# New job
11 25 6 15 4 14 1 3 10 21
1 9 23 17 11 18 8 19 29 33
29 16 17 5 1 22 6 3 19 13
# New job
3 19 2 17 9 20 7 8 9 6
11 7 2 3 12 10 7 18 2 5
26 5 8 1 1 5 18 1 5 3
# New job
14 17 5 10 1 8 3 11 11 14
16 11 6 33 15 12 4 6 6 2
3 2 2 5 8 14 5 4 4 1
# New job
7 4 10 1 21 4 3 9 11 9
16 20 13 21 2 9 2 9 21 16
21 13 20 33 21 17 13 7 2 24
# New job
3 7 6 10 7 2 11 25 10 8
35 6 11 25 4 9 13 23 9 10
26 17 4 3 8 12 10 17 1 4
# New job
2 2 13 16 21 16 18 24 13 5
11 2 6 2 6 39 27 13 15 1
1 2 3 4 6 6 22 10 6 27
# New job
10 13 17 10 13 3 1 5 9 12
2 9 15 11 31 5 17 4 13 3
23 12 6 11 6 30 15 2 12 16
# New job
15 1 20 20 1 2 7 10 15 9
14 15 28 29 10 7 2 12 23 7
1 6 16 3 1 42 11 16 15 3
# New job
3 23 13 20 23 1 4 6 13 1
43 11 28 9 30 11 9 24 23 11
4 9 3 7 16 9 5 27 15 4
# New job
22 2 9 5 20 2 1 2 12 4
17 26 19 18 2 5 2 9 31 21
16 1 15 17 7 4 3 5 3 1
# New job
10 18 33 22 8 27 12 7 8 36
31 22 3 21 2 15 5 2 12 45
17 13 10 1 5 14 8 7 38 8
# New job
7 4 2 31 8 14 6 2 7 22
17 8 14 11 8 12 10 21 7 2
7 2 4 8 4 24 1 17 15 6
# New job
2 3 13 28 13 8 20 3 10 24
4 26 31 10 4 21 14 6 14 6
9 20 1 13 9 21 1 14 13 5
# New job
3 14 11 7 6 8 25 7 1 9
12 9 3 2 5 20 25 1 11 27
17 16 24 21 27 2 2 18 7 6
# New job
5 12 16 8 2 12 27 3 16 8
12 14 6 9 7 8 4 3 3 5
7 13 1 11 7 3 5 4 29 13
# New job
6 5 5 3 7 3 8 14 1 9
7 20 7 6 3 27 24 5 12 13
5 20 31 11 5 2 17 21 25 12
# New job
3 2 2 4 11 5 16 6 19 12
7 3 15 9 8 16 4 31 10 11
14 7 13 17 20 11 25 5 4 10
# New job
14 4 11 3 2 18 8 6 16 12
8 3 10 8 7 31 34 17 4 14
35 5 16 20 7 4 6 11 2 14
# New job
5 10 27 13 6 6 9 7 6 18
10 20 5 14 18 13 10 7 23 9
8 34 5 2 1 15 12 19 3 3
# New job
31 13 10 17 15 22 8 4 2 27
3 4 10 15 25 26 10 11 9 17
8 11 3 11 27 4 7 22 7 19
# New job
17 24 3 4 4 2 7 4 17 16
15 4 12 16 11 10 9 6 17 45
16 6 13 16 35 6 10 8 3 1
# New job
11 10 11 6 31 5 4 3 18 17
20 4 6 11 32 15 8 25 22 15
19 20 5 22 8 1 18 36 3 6
# New job
1 6 18 13 10 11 5 1 14 5
24 8 2 7 5 5 9 12 27 5
4 4 1 3 3 6 12 26 13 5
# New job
12 30 5 8 22 23 10 6 4 18
13 3 8 1 2 9 33 8 1 24
14 5 27 2 9 3 2 20 7 8
# New job
16 5 10 10 5 13 3 9 7 2
12 4 16 3 24 9 5 6 2 16
21 7 5 1 1 3 13 7 7 18
# New job
15 17 3 7 13 7 12 7 11 2
18 28 2 16 2 3 2 19 15 3
9 19 17 16 10 8 8 6 4 18
# New job
26 4 6 9 10 13 5 15 17 7
43 10 10 3 22 8 33 1 7 9
25 11 5 1 23 9 16 6 3 11
# New job
5 7 13 14 25 18 2 1 9 2
20 13 14 8 19 2 10 7 6 3
12 27 5 18 10 9 24 14 29 5
# New job
11 9 12 10 21 10 11 3 31 9
2 12 23 17 16 17 2 10 15 7
11 4 11 5 18 5 15 22 26 2
# New job
6 7 17 25 24 8 1 32 18 15
7 1 24 3 3 11 18 12 5 9
1 10 13 13 14 5 5 15 16 1
# New job
5 15 12 23 8 8 6 20 2 12
2 16 7 3 7 3 6 2 6 19
17 8 20 10 11 2 5 2 21 16
# New job
6 4 4 14 5 13 14 7 9 7
7 7 2 2 1 19 11 3 15 9
17 14 1 22 12 7 5 6 13 11
# New job
4 1 6 3 15 12 12 12 12 13
12 10 3 1 9 14 10 2 9 11
7 8 13 41 2 4 4 18 7 8
# New job
42 10 1 7 1 4 4 7 14 1
5 1 13 2 13 9 1 11 17 16
9 17 2 16 9 5 8 6 13 27
# New job
2 16 3 14 14 11 3 24 26 4
34 9 20 2 5 25 19 18 2 7
7 1 17 9 32 11 2 15 12 1
# New job
12 2 17 1 5 22 10 4 13 18
7 13 13 6 1 11 3 30 20 26
9 20 22 8 16 14 5 1 15 11
# New job
17 8 32 8 1 8 23 9 3 8
2 18 6 34 7 12 10 18 8 5
2 23 2 1 14 32 15 9 20 2
# New job
18 27 3 24 1 13 12 28 14 12
5 1 2 17 10 6 16 4 7 4
19 18 19 4 9 24 24 6 26 3
# New job
22 6 5 6 5 13 8 24 5 5
33 10 12 3 13 9 7 10 10 29
10 13 4 11 13 6 21 15 37 2
# New job
2 1 28 9 6 17 6 8 10 11
3 9 4 14 29 10 5 4 3 9
11 8 16 11 12 8 9 13 6 1
# New job
8 1 16 35 1 14 22 13 35 3
3 33 7 11 1 4 5 25 18 9
19 3 1 10 21 4 21 25 16 8
# New job
26 2 7 2 3 16 5 17 8 4
24 5 5 5 2 7 21 22 1 2
26 18 15 6 13 32 2 2 1 4
# New job
7 4 1 4 1 3 38 32 5 2
9 9 6 8 11 4 11 13 3 9
2 4 11 6 8 5 4 20 31 3
# New job
16 5 15 6 20 15 5 4 7 14
7 10 11 14 7 2 4 2 27 7
8 16 19 9 18 35 4 15 9 16
# New job
17 1 2 12 3 9 6 4 15 8
11 2 10 2 19 4 9 36 8 3
8 8 9 12 19 2 11 2 10 12
# New job
14 10 4 18 13 5 16 8 26 8
14 2 17 7 14 15 16 6 10 17
12 17 6 15 8 8 8 3 12 12
# New job
19 4 7 22 10 11 13 5 17 6
5 2 5 9 6 17 20 5 14 29
17 8 2 23 7 3 2 3 5 11
# New job
31 14 6 4 7 19 10 15 1 4
15 20 7 25 19 3 8 11 9 12
5 15 1 4 14 4 32 7 13 27
# New job
1 6 12 6 32 2 1 24 12 5
10 27 13 21 5 15 4 29 8 20
3 10 8 1 7 9 21 13 15 7
# New job
16 15 21 17 42 9 7 18 11 21
5 6 10 5 1 1 17 3 13 26
9 31 4 14 9 10 8 11 18 10
# New job
7 12 9 21 6 9 11 2 19 5
4 22 5 5 17 9 5 20 35 6
7 11 13 1 2 5 11 1 7 13
# New job
11 9 3 24 18 2 7 23 37 3
8 20 25 14 6 25 11 22 17 11
6 6 18 3 4 11 15 19 6 23
# New job
5 20 3 10 13 31 11 8 13 8
12 14 3 2 24 12 14 21 18 18
9 21 4 3 6 12 7 15 12 1
# New job
14 6 6 1 30 3 7 1 8 21
9 1 22 25 32 9 26 5 4 31
27 20 32 12 9 5 5 12 16 2
# New job
13 6 5 3 22 3 12 2 16 25
13 9 11 5 4 11 11 4 16 1
16 10 15 23 22 17 19 11 6 7
# New job
1 23 10 11 3 3 15 32 10 21
17 13 3 25 24 6 32 17 1 2
2 14 11 8 1 10 10 7 6 11
# New job
11 2 3 18 2 28 12 10 6 6
19 9 5 15 12 20 20 1 18 16
5 26 14 2 13 2 1 15 9 23
# New job
5 13 4 11 14 13 11 6 6 13
12 6 11 17 12 12 17 11 5 15
15 28 18 9 4 16 5 21 1 12
# New job
10 1 26 4 10 20 7 8 15 21
13 3 11 7 9 6 22 16 1 17
24 15 15 13 15 1 3 27 12 21
# New job
7 32 3 8 12 2 7 7 5 18
3 25 4 18 9 12 1 19 19 2
7 20 13 5 2 2 15 31 15 4
# New job
5 32 6 21 10 3 2 5 8 10
8 2 5 4 9 7 13 1 11 13
11 17 6 16 1 19 9 23 5 25
# New job
12 33 4 2 16 20 6 17 13 2
15 10 18 20 9 10 20 25 1 14
14 3 12 7 7 17 5 4 13 2
# New job
13 2 4 19 3 29 15 2 15 17
10 10 16 11 9 15 3 14 8 5
28 4 3 7 11 4 19 12 7 2
# New job
20 1 23 12 9 1 1 22 16 16
21 14 21 13 2 10 22 19 10 36
11 17 8 1 18 6 2 34 8 11
# New job
18 2 11 11 14 8 16 5 4 15
26 1 19 6 8 25 17 2 3 15
5 1 2 12 9 19 10 5 9 22
# New job
14 26 24 21 19 5 26 1 2 11
17 4 10 16 13 14 25 6 6 9
3 5 9 14 14 4 13 19 7 6
# New job
33 34 13 8 15 6 19 12 18 31
28 29 15 12 8 16 5 15 28 21
2 11 10 3 9 22 6 14 14 5
# New job
6 28 2 11 17 10 27 2 6 3
14 5 21 5 20 11 21 7 10 23
16 8 17 8 17 6 16 3 12 11
# New job
12 7 9 8 2 9 2 10 2 5
5 15 8 11 13 2 22 7 13 9
7 11 3 6 10 1 29 14 8 8
# New job
10 17 6 10 16 27 1 18 21 17
13 4 6 12 13 2 4 2 3 3
10 2 2 13 3 6 16 20 30 20
# New job
17 5 2 14 17 1 4 8 15 1
24 11 8 20 32 4 16 6 24 21
1 1 2 1 21 21 10 16 9 11
# New job
10 13 7 7 14 24 10 1 4 8
5 5 13 2 17 2 10 1 7 11
27 5 4 2 9 13 22 9 11 4
# New job
2 10 9 14 13 10 3 10 6 19
7 8 15 10 4 5 21 14 5 1
8 8 6 5 7 7 29 4 4 24
# New job
4 15 27 5 8 19 22 1 1 23
14 3 8 18 9 14 13 22 13 13
4 15 19 2 1 6 12 2 8 2
# New job
5 12 12 10 15 3 10 11 5 1
10 2 5 3 8 2 6 17 16 17
32 23 27 37 13 3 2 7 13 5
# New job
20 1 6 16 10 3 16 8 19 21
9 5 1 8 4 22 13 30 23 8
14 18 13 5 3 2 15 16 14 31
# New job
2 2 13 8 9 14 30 13 26 24
13 46 20 12 7 7 8 6 1 21
13 4 5 1 17 6 2 1 4 11
# New job
29 1 14 9 13 14 23 3 20 9
3 2 7 16 2 2 1 21 1 8
11 10 6 20 5 12 22 12 6 3
# New job
1 17 7 11 12 10 20 11 16 16
2 23 2 51 25 16 13 5 15 12
24 25 1 21 28 4 21 8 11 2
# New job
1 45 11 20 7 18 26 1 7 13
3 13 3 26 5 8 11 19 5 1
25 17 11 2 3 8 15 10 4 10
# New job
5 7 14 13 12 30 28 13 14 20
1 7 18 10 30 5 3 6 11 3
15 8 4 7 7 2 8 21 3 14
# New job
23 14 5 28 25 10 8 23 27 23
7 15 8 9 24 15 7 13 1 4
3 6 14 12 3 1 19 2 2 10
# New job
2 30 17 3 7 3 11 15 9 19
40 18 10 8 9 6 29 2 9 13
26 6 9 4 9 7 22 8 4 31
# New job
17 12 23 8 19 3 8 7 3 34
13 23 7 2 9 27 6 6 1 11
17 11 12 7 7 5 3 24 11 7
# New job
12 3 17 5 9 2 12 6 11 33
11 24 6 18 16 16 7 9 15 2
8 10 8 25 10 13 4 12 6 33
# New job
10 5 12 5 7 29 7 2 21 17
25 3 19 29 34 11 2 7 13 19
6 8 7 1 21 7 12 23 7 17
# New job
23 13 11 15 20 28 4 10 1 3
1 18 8 1 4 12 13 9 8 1
14 10 10 12 2 11 10 10 19 3
# New job
4 16 4 13 15 38 22 5 23 9
2 11 21 6 13 20 9 7 8 6
24 3 20 15 9 4 4 13 12 2
# New job
20 6 18 24 14 15 15 2 1 30
12 5 19 20 3 4 2 14 15 18
1 16 10 16 13 3 27 40 16 6
# New job
25 11 6 4 27 4 5 16 5 19
21 9 1 6 10 17 11 26 33 6
7 4 7 8 5 22 3 8 6 3
# New job
15 31 5 6 18 20 17 10 13 20
14 15 15 9 2 27 10 27 5 16
1 21 10 14 4 9 1 7 13 5
# New job
20 8 8 9 1 4 15 9 10 18
12 10 15 18 9 4 15 17 11 14
1 2 23 3 5 2 15 8 6 10
# New job
13 8 2 3 7 13 15 15 24 7
20 9 7 1 12 9 6 3 5 4
7 15 8 5 6 12 30 12 13 14
# New job
7 1 4 11 4 11 2 1 7 7
16 1 1 21 2 2 2 11 24 16
29 8 11 18 20 18 5 9 17 3
# New job
2 4 17 9 15 24 8 19 22 10
9 2 8 8 2 20 14 27 2 8
10 18 5 36 4 3 10 18 26 22
# New job
1 10 6 14 10 6 9 10 15 11
6 15 1 8 22 2 1 5 14 11
2 28 9 14 12 9 5 2 6 3
# New job
11 3 22 2 11 12 19 21 24 2
22 14 4 5 10 7 3 9 22 4
20 7 16 4 17 1 20 1 8 7
# New job
16 8 3 3 2 4 15 10 20 13
10 2 14 14 3 14 26 11 17 19
7 16 12 10 30 14 3 6 14 4
# New job
21 10 15 7 30 18 32 8 5 1
17 1 6 15 5 29 16 14 7 14
22 17 3 2 8 14 21 11 15 6
# New job
2 3 22 11 6 11 15 29 3 5
12 20 18 4 8 1 19 15 8 18
14 7 16 5 17 9 15 12 5 22
# New job
4 8 23 16 16 3 8 13 10 2
20 1 22 11 2 7 26 22 10 18
8 5 16 18 2 12 13 17 13 4
# New job
1 15 25 4 22 13 2 1 8 13
2 5 10 1 21 14 6 2 5 15
1 1 9 15 3 7 13 16 10 17
# New job
7 22 10 11 4 7 21 15 2 7
17 12 13 8 2 2 3 25 21 17
13 19 2 20 6 14 10 12 4 21
# New job
2 2 7 31 27 2 5 4 10 16
19 2 21 27 8 13 15 1 3 4
11 9 4 14 4 19 7 4 18 3
# New job
19 1 15 17 3 1 19 12 15 10
16 16 11 4 3 11 4 18 5 8
11 12 19 5 1 15 13 2 25 17
# New job
3 6 14 18 13 9 4 31 7 7
8 29 9 11 1 4 22 15 7 6
6 13 11 34 7 21 12 5 14 16
# New job
17 12 13 16 8 16 7 14 14 13
28 22 9 18 5 3 16 19 13 4
21 15 4 5 5 21 4 1 3 20
# New job
2 2 7 3 24 19 3 5 17 18
3 25 5 7 14 19 5 4 14 1
3 1 6 2 4 21 9 2 12 49
# New job
1 1 22 11 5 5 5 3 5 15
28 11 10 10 3 24 1 15 17 2
10 26 10 8 20 1 16 4 10 25
# New job
18 4 7 22 1 11 17 20 1 20
7 16 4 2 12 7 7 9 1 6
21 18 4 1 7 6 15 15 12 12
# New job
17 6 6 6 3 10 7 9 3 18
16 6 4 11 17 15 19 7 20 21
33 8 5 4 30 11 16 10 10 6
# New job
5 23 3 1 13 13 1 8 43 2
21 19 8 20 18 18 13 6 6 3
16 5 14 10 4 40 24 29 2 16
# New job
13 1 11 21 1 17 16 13 13 20
12 7 2 7 5 9 20 8 7 5
8 6 6 15 1 19 26 18 12 16
# New job
25 30 12 17 10 19 2 9 11 26
6 2 17 26 11 11 11 25 4 7
20 15 11 11 5 8 7 2 11 4
# New job
16 20 22 27 11 18 20 4 21 9
7 7 16 12 3 7 10 18 6 18
5 5 8 23 9 8 13 6 8 12
# New job
1 1 5 1 2 1 6 5 7 8
9 3 5 13 7 18 1 8 14 4
4 12 24 23 4 17 1 8 1 4
# New job
33 3 3 18 12 12 15 8 5 17
1 3 21 9 10 12 16 28 7 8
12 5 16 11 29 5 1 3 16 7
# New job
12 7 17 14 6 1 17 3 4 9
5 10 11 15 12 6 9 13 24 29
31 1 2 19 1 14 5 4 6 7
# New job
1 16 24 20 12 13 14 20 1 4
3 5 5 2 6 5 6 7 12 13
20 9 4 20 5 1 25 10 2 3
# New job
7 48 18 17 17 6 24 20 6 6
2 17 4 33 1 4 17 4 1 4
6 12 10 11 1 13 5 5 12 12
# New job
7 13 24 23 1 7 15 19 3 5
12 2 2 29 8 4 12 10 3 1
19 3 17 2 6 12 9 29 15 23
# New job
6 4 24 3 22 2 6 24 10 5
11 11 22 15 6 10 10 2 8 4
7 6 39 15 7 4 9 13 6 16
# New job
16 2 11 10 4 19 10 1 16 26
14 11 19 15 23 4 8 2 7 3
27 1 5 14 12 4 13 1 6 2
# New job
3 17 8 8 1 2 20 18 14 2
6 3 19 3 2 11 17 6 18 8
10 14 13 25 10 1 4 26 9 12
# New job
18 14 25 35 43 8 2 17 15 1
9 7 13 3 13 4 4 19 12 17
32 28 11 1 1 19 9 39 22 8
# New job
14 1 11 20 32 1 9 24 4 18
2 11 1 1 25 14 7 24 8 1
7 4 6 5 20 2 7 1 7 13
# New job
1 2 12 8 8 21 7 18 15 6
7 13 15 10 10 15 8 9 19 2
10 4 11 29 10 1 12 3 5 27
# New job
2 8 26 18 22 18 13 13 5 11
21 16 6 6 4 14 3 4 3 16
3 10 3 6 16 11 12 1 5 3
# New job
11 2 13 31 12 14 10 15 8 29
18 16 20 4 4 3 3 5 4 5
6 3 5 14 25 28 18 3 5 7
# New job
19 46 20 4 22 4 2 8 1 14
8 12 33 34 5 14 11 16 4 11
2 10 1 1 8 11 30 9 11 12
# New job
11 11 11 14 3 9 16 9 5 5
1 11 2 30 9 25 7 3 11 1
5 16 3 30 10 24 16 4 3 32
# New job
7 33 12 23 19 5 11 27 23 11
8 12 17 5 16 5 2 23 1 32
13 9 5 5 9 24 9 6 10 14
# New job
4 17 1 1 24 5 1 20 8 7
19 34 14 6 13 7 14 13 6 2
14 17 22 9 1 15 13 20 3 5
# New job
2 10 8 7 5 21 5 26 3 13
12 14 12 23 10 13 1 19 11 8
1 22 6 2 26 6 23 1 6 9
# New job
7 19 13 48 13 2 3 39 44 8
13 8 5 3 10 4 12 19 13 6
24 13 6 4 25 4 5 18 3 1
# New job
6 3 6 8 4 2 11 5 32 27
6 14 4 14 19 4 4 12 13 5
18 18 29 13 13 6 3 6 11 6
# New job
14 30 12 9 9 9 7 10 8 9
14 11 20 6 8 35 10 7 8 14
1 17 7 9 9 1 12 31 12 7
# New job
1 1 20 18 32 19 13 5 6 20
13 12 6 12 6 17 21 9 9 9
17 5 11 15 3 3 17 5 4 16
# New job
3 25 22 7 12 3 23 12 18 12
10 6 15 9 16 6 6 3 8 9
14 21 1 9 8 10 2 5 1 23
# New job
6 5 16 3 22 4 13 16 6 14
18 8 9 23 7 17 4 3 5 9
13 10 6 2 12 6 23 36 4 30
# New job
2 4 2 4 40 23 15 5 10 4
27 7 9 7 18 23 15 4 10 11
13 35 2 5 3 9 2 24 14 7
# New job
12 10 14 10 12 19 19 7 5 1
14 6 18 21 2 20 6 1 20 9
30 32 3 1 9 13 2 7 18 17
# New job
3 5 3 9 18 18 17 10 11 4
4 11 5 10 2 14 6 16 3 12
19 9 5 13 15 12 9 7 22 12
# New job
18 10 4 1 30 6 11 15 7 15
2 10 4 10 1 11 6 24 4 6
24 6 13 28 18 15 20 1 5 15
# New job
12 4 12 22 17 21 8 20 11 3
9 17 7 22 17 11 6 3 17 17
13 20 16 4 4 8 19 14 9 22
# New job
3 23 8 12 15 2 9 16 7 4
11 7 6 3 13 2 16 7 2 11
3 18 23 4 1 1 20 5 7 12
# New job
10 1 20 20 4 12 5 4 19 3
6 12 7 13 15 10 3 7 15 7
7 8 25 15 12 1 1 8 1 23
# New job
17 13 7 2 5 21 1 5 16 22
7 14 4 8 5 1 32 5 13 5
2 6 9 13 4 6 14 3 13 16
# New job
12 13 2 3 37 6 2 11 4 9
5 19 9 16 5 18 15 4 1 19
19 8 17 3 32 6 13 9 11 5
# New job
12 5 20 18 2 11 6 31 4 4
2 8 13 9 12 5 6 16 1 15
4 23 36 11 14 7 29 2 9 12
# New job
16 2 11 13 9 6 10 20 18 2
1 15 8 19 8 22 17 7 15 7
13 3 1 13 14 14 7 11 10 1
# New job
16 5 14 18 33 2 1 4 1 16
20 20 1 7 16 12 6 8 10 21
12 19 9 6 7 1 3 17 2 12
# New job
2 20 30 2 17 4 9 1 4 5
8 16 17 11 6 21 20 5 4 15
4 14 3 24 17 21 2 3 7 9
# New job
7 4 12 29 15 3 20 11 10 14
4 14 11 12 4 8 9 13 5 18
29 4 30 3 2 17 8 6 7 3
# New job
12 11 12 6 8 10 26 7 20 25
2 10 4 4 10 30 12 5 18 12
19 19 9 5 4 3 11 13 37 4
# New job
2 5 23 9 21 12 9 13 3 8
20 19 1 5 8 1 15 14 8 13
1 11 4 16 3 6 20 20 12 1
# New job
5 14 3 17 17 20 2 14 3 19
10 28 9 2 5 2 6 3 5 34
12 19 23 8 13 2 10 16 18 15
# New job
21 12 4 33 33 2 9 12 11 7
12 23 1 5 11 13 20 23 15 20
13 2 25 22 17 7 7 18 15 5
# New job
7 26 11 2 11 8 17 11 5 4
4 3 6 19 1 3 16 12 12 8
8 7 19 17 12 7 7 22 8 22
# New job
2 19 1 20 3 5 18 16 5 9
9 3 32 6 1 1 1 4 9 22
2 18 16 3 1 10 9 2 27 4
# New job
12 21 11 7 19 9 8 8 6 15
6 1 6 10 6 33 17 33 2 7
2 33 1 7 16 3 9 10 9 32
# New job
6 3 18 32 2 2 22 26 10 17
11 11 22 4 8 8 16 2 4 22
6 16 5 3 4 17 5 13 3 3
# New job
