# Job size: 75, Route size 5, Operation size 10 
# Machine size: 15
7 22 17 5 20 2 12 3 7 18
12 11 22 9 15 9 14 24 14 21
14 13 13 17 24 19 2 1 2 21
1 10 4 1 2 15 28 9 10 1
7 11 14 3 27 17 5 3 16 25
# New job
29 19 16 3 13 27 27 8 18 2
31 2 4 17 5 20 20 21 23 12
18 3 5 9 5 8 15 15 14 16
19 13 1 1 7 19 1 7 17 12
11 1 17 17 9 14 2 2 4 13
# New job
16 1 7 2 7 7 15 24 16 4
5 15 3 6 17 10 21 6 9 12
5 4 7 13 16 18 8 7 20 4
9 13 5 14 31 2 6 7 33 2
16 31 10 3 31 5 8 23 9 11
# New job
19 12 12 35 8 19 12 21 9 1
3 7 2 18 1 9 6 17 14 21
2 7 3 4 7 30 14 10 15 7
16 9 14 4 22 15 4 15 6 25
12 12 5 26 11 1 10 5 5 11
# New job
23 8 18 11 5 9 8 17 35 9
16 17 29 20 9 10 7 20 11 4
15 2 6 11 30 10 35 9 3 9
8 2 2 11 1 1 7 15 9 4
28 4 3 2 15 8 35 4 12 2
# New job
1 10 21 1 4 5 2 16 20 2
1 14 20 7 14 2 14 10 6 7
8 1 15 19 16 13 7 27 6 3
2 6 1 7 2 2 16 9 8 8
20 4 2 7 4 6 24 7 10 3
# New job
31 24 1 17 17 11 5 14 7 14
2 26 6 7 3 1 17 16 2 12
9 3 22 4 1 8 5 9 3 9
15 21 11 20 1 6 1 21 7 30
8 1 21 12 15 31 6 5 8 2
# New job
15 14 10 12 15 8 26 10 11 5
2 3 24 2 7 6 3 19 16 17
5 29 7 22 5 11 1 15 9 2
12 9 6 4 13 2 12 20 9 10
3 9 9 1 2 12 8 15 28 3
# New job
10 11 9 7 9 14 11 6 18 10
6 3 11 18 29 1 31 13 26 9
14 2 48 1 6 9 13 3 3 17
12 12 7 14 19 18 6 9 11 3
3 1 14 20 6 10 7 7 10 10
# New job
9 6 5 18 9 8 8 21 1 1
7 4 4 18 4 3 3 4 20 7
16 15 23 20 14 13 6 8 4 1
3 2 5 5 6 9 7 8 9 20
14 18 21 5 10 6 15 2 18 19
# New job
10 8 19 19 3 11 14 11 11 25
17 1 14 5 2 6 2 4 18 5
5 5 8 36 21 4 17 7 1 28
13 14 11 10 21 26 41 21 6 5
31 5 3 11 12 20 14 9 9 31
# New job
15 5 11 11 6 2 19 18 13 4
8 21 13 27 5 9 2 8 3 4
5 5 13 3 31 7 7 14 9 7
5 3 10 8 18 12 3 1 9 3
24 14 3 17 4 2 1 18 15 10
# New job
23 11 9 7 8 1 16 15 7 6
25 13 10 6 6 3 3 3 5 8
8 8 9 20 4 17 1 5 10 4
8 17 34 5 3 9 32 11 9 17
22 7 10 10 20 23 15 15 10 12
# New job
2 16 12 1 6 1 13 14 13 2
27 20 10 8 8 7 2 12 2 19
14 4 10 17 16 6 12 5 39 11
2 24 6 2 12 28 3 4 1 20
12 19 11 23 26 14 11 22 5 17
# New job
3 15 13 11 3 20 3 9 5 15
10 7 22 3 8 20 3 2 9 5
1 2 2 2 9 1 6 17 9 21
22 17 25 8 29 20 5 1 23 6
34 24 20 1 4 1 6 9 15 30
# New job
11 2 20 16 10 15 17 1 1 12
12 18 8 5 6 9 10 25 1 30
17 22 9 9 5 20 14 8 3 8
20 22 3 9 5 2 10 33 14 3
4 10 9 8 34 4 15 4 9 5
# New job
1 15 10 12 15 13 8 14 5 21
6 25 18 12 34 5 7 22 2 29
5 43 7 34 6 6 7 16 16 15
21 12 2 6 9 33 14 2 16 13
6 9 1 28 15 7 19 7 15 13
# New job
11 10 9 14 13 3 22 19 7 7
19 11 10 2 7 24 12 22 16 11
9 2 20 3 11 23 6 22 3 17
4 11 5 4 14 8 22 4 22 15
7 1 6 34 2 20 23 5 15 6
# New job
10 33 13 1 2 21 8 6 7 2
13 19 4 1 12 22 17 17 4 1
15 13 16 5 9 1 23 2 19 6
3 13 16 15 6 3 19 4 16 3
22 5 12 2 18 3 21 15 8 16
# New job
15 22 3 18 10 39 6 25 15 8
6 11 6 3 11 24 15 11 4 5
5 4 5 1 4 11 3 6 24 6
28 5 6 20 2 10 11 6 12 5
6 10 10 13 5 1 13 4 5 13
# New job
12 1 1 28 19 13 10 10 1 11
8 9 5 11 12 1 2 4 4 2
2 30 23 12 15 12 6 26 17 11
14 31 15 13 2 8 5 21 1 15
12 9 22 4 20 19 16 14 9 2
# New job
8 19 5 13 19 1 14 1 4 15
7 7 13 25 7 6 9 20 14 24
4 4 13 5 10 15 2 9 8 11
2 6 22 32 11 4 4 2 13 20
3 12 7 17 13 6 14 7 21 13
# New job
9 27 9 10 4 1 20 3 1 5
8 14 9 2 14 16 6 7 5 7
20 19 15 24 1 12 11 11 2 7
13 23 4 2 23 4 5 13 6 7
12 32 3 6 15 6 5 4 19 11
# New job
27 16 9 12 9 14 3 6 2 4
2 6 14 19 15 16 15 11 17 13
17 19 13 17 1 11 34 10 18 26
6 1 34 3 9 2 6 7 1 10
17 16 2 7 1 20 6 6 6 2
# New job
15 6 29 12 20 5 28 14 19 1
9 1 11 8 11 8 22 19 4 1
7 3 17 23 2 8 6 5 5 3
13 51 11 9 10 18 23 15 2 1
1 3 12 10 10 8 24 2 7 4
# New job
7 3 15 14 11 13 8 10 13 3
8 13 1 21 21 21 8 7 9 26
12 19 9 3 1 8 32 18 13 13
14 7 38 12 2 12 2 14 6 28
5 2 10 17 3 4 12 8 8 7
# New job
18 11 12 13 27 26 8 30 16 22
3 1 5 1 1 1 13 29 16 1
12 25 11 2 12 1 16 1 11 5
2 11 12 10 7 13 1 9 26 2
7 3 10 8 10 7 20 23 6 11
# New job
4 11 6 4 12 2 29 19 5 5
12 14 13 4 4 9 11 2 5 5
3 33 17 1 10 10 1 15 12 12
4 8 5 2 4 4 2 15 9 8
3 4 18 1 32 8 16 6 1 23
# New job
12 1 16 10 20 8 21 12 4 24
18 6 1 7 8 18 1 1 4 12
25 14 22 19 1 1 4 1 1 1
18 1 15 10 9 13 12 3 23 11
8 17 12 18 7 4 14 3 2 15
# New job
19 7 2 24 37 7 12 1 2 6
4 5 6 10 6 4 8 5 5 4
5 9 5 10 18 23 4 26 7 9
21 3 13 14 15 17 22 24 28 5
6 17 18 13 4 3 13 3 14 4
# New job
6 22 4 12 32 7 7 9 9 1
17 10 19 3 1 1 1 11 13 6
12 30 2 3 3 4 11 6 2 15
25 15 13 6 5 18 6 3 3 3
23 2 9 11 14 1 2 11 1 18
# New job
13 1 15 12 8 17 11 22 12 5
9 5 3 15 28 32 14 7 1 16
38 20 2 2 11 29 25 6 5 27
5 3 12 9 13 2 1 9 3 6
9 41 4 9 12 2 23 25 26 23
# New job
6 8 5 3 8 4 5 2 21 20
4 25 4 7 2 10 9 20 19 2
14 32 10 19 17 16 28 2 5 3
16 13 14 6 18 8 13 17 22 5
16 2 29 12 13 10 4 5 11 8
# New job
1 18 13 9 13 18 13 16 26 16
18 11 2 11 3 27 2 5 16 1
14 8 1 20 2 10 29 21 14 7
13 4 4 12 32 13 18 3 1 34
7 4 5 2 35 11 3 4 7 20
# New job
17 2 7 5 21 9 13 16 1 9
2 4 8 20 10 1 19 10 4 4
2 5 24 1 11 28 5 3 30 5
12 10 14 1 18 6 7 13 14 3
12 20 9 8 11 18 6 12 3 5
# New job
20 17 14 7 30 10 39 16 23 14
16 8 8 3 2 6 7 25 16 19
4 22 20 15 2 9 6 5 6 6
1 1 19 2 20 17 1 13 8 24
14 7 18 2 10 5 11 34 8 11
# New job
1 26 16 4 4 8 4 8 6 32
5 2 30 5 13 7 7 3 19 20
28 20 1 18 19 15 11 12 3 8
14 6 11 4 13 16 15 24 13 5
1 10 2 14 6 23 14 8 8 13
# New job
32 11 21 17 2 7 36 7 23 6
12 17 17 5 8 8 1 19 35 12
10 9 25 1 12 13 6 8 4 15
8 5 9 6 1 10 35 9 12 17
6 16 9 1 3 12 15 15 6 8
# New job
3 6 20 10 20 5 8 6 22 16
18 10 9 31 14 9 9 1 13 6
2 8 28 29 2 2 13 13 4 2
9 7 27 10 13 9 16 9 10 16
14 4 4 8 2 20 4 23 23 1
# New job
5 6 16 11 28 18 5 5 6 12
7 4 8 9 12 8 5 9 19 33
4 18 1 7 18 7 18 15 20 17
15 14 3 1 5 11 18 8 2 15
18 7 4 10 18 7 4 5 3 20
# New job
19 30 7 2 6 12 26 37 8 11
6 11 11 17 17 2 2 5 41 2
19 16 8 16 32 18 8 48 2 13
3 3 24 1 30 2 20 11 9 17
18 7 1 7 1 3 10 12 25 11
# New job
9 12 19 4 33 9 7 9 6 13
18 35 25 6 20 6 29 20 15 12
8 8 9 6 26 17 35 19 22 1
10 24 1 3 15 11 6 2 26 5
7 5 15 18 11 24 23 10 2 14
# New job
13 10 20 5 13 33 3 7 23 20
5 6 6 8 5 4 1 19 11 15
12 11 9 10 9 39 5 2 9 11
21 6 11 2 18 20 21 17 4 31
9 2 13 9 24 32 19 5 4 18
# New job
13 3 21 22 16 12 2 9 12 11
1 6 15 3 8 18 25 15 5 7
8 23 23 21 6 6 18 10 11 5
33 21 13 22 13 25 2 16 15 14
18 9 2 7 2 8 13 3 10 10
# New job
3 12 5 1 7 16 17 19 3 15
2 2 10 4 1 5 12 13 17 10
12 7 22 21 24 8 21 15 22 3
11 6 3 3 2 8 19 26 15 9
6 12 23 2 1 13 7 13 19 14
# New job
5 7 4 12 14 12 12 1 5 2
13 7 3 5 1 21 4 6 23 16
4 9 17 10 26 21 2 19 8 11
19 14 24 13 1 5 26 6 11 11
13 5 3 19 19 25 7 10 2 2
# New job
11 6 12 5 1 8 5 4 30 12
6 17 17 8 4 5 4 1 4 11
2 13 8 27 11 3 18 8 30 7
8 3 24 1 16 6 23 18 11 9
15 7 3 13 2 2 13 6 12 12
# New job
17 16 2 2 10 6 14 10 5 15
12 2 7 11 6 1 29 7 11 25
1 23 6 6 10 1 14 5 7 9
10 13 18 2 5 1 6 2 8 3
13 13 7 5 7 2 8 4 10 14
# New job
4 19 4 6 3 6 40 4 18 1
3 7 2 1 5 3 2 16 13 7
15 6 1 1 30 16 16 14 16 10
3 4 11 6 5 5 18 7 3 5
17 12 2 7 15 14 7 11 11 14
# New job
2 8 5 22 10 11 25 5 5 8
16 15 13 5 13 9 15 10 3 10
4 25 10 1 6 26 18 9 15 3
2 8 24 4 3 2 14 5 6 32
3 6 1 13 2 15 8 32 14 6
# New job
16 17 11 8 19 12 18 17 25 31
14 4 11 11 8 10 5 7 3 27
5 2 25 11 5 14 9 18 3 9
11 8 12 13 4 1 10 10 5 15
9 14 1 9 10 20 21 12 2 5
# New job
15 12 7 21 1 15 9 10 17 3
17 26 7 1 18 7 14 2 15 15
24 18 3 11 2 38 3 16 18 20
13 10 7 6 8 26 11 14 19 12
9 27 22 1 13 9 2 19 2 12
# New job
18 11 1 10 5 9 23 22 7 8
21 13 17 1 7 20 25 6 10 5
12 12 3 9 22 7 1 22 13 6
4 19 12 8 15 9 19 11 19 24
2 4 11 8 10 26 2 14 6 17
# New job
4 17 3 5 10 4 24 38 28 8
18 1 2 18 6 2 7 6 20 8
7 29 12 19 5 3 35 7 6 10
2 9 6 13 1 10 1 20 3 19
9 35 5 24 7 4 8 3 2 25
# New job
9 3 24 12 6 3 13 16 25 15
19 16 9 7 2 27 18 6 7 9
23 4 3 30 10 5 9 5 8 19
8 11 21 41 3 6 18 1 14 40
16 4 1 12 4 16 2 33 42 14
# New job
1 4 3 21 2 1 9 6 19 6
7 26 1 22 19 9 3 8 2 8
22 24 7 11 2 6 10 19 2 15
6 1 7 10 18 4 6 15 1 7
1 11 7 5 11 12 4 6 15 15
# New job
3 8 15 13 7 6 18 19 2 19
19 11 16 13 27 9 10 12 31 33
31 8 16 3 13 12 4 24 7 16
25 1 1 15 7 12 18 11 34 14
5 6 2 12 22 21 4 21 17 5
# New job
1 4 2 5 12 19 5 7 1 16
5 13 11 4 2 3 12 18 10 4
15 12 16 3 9 10 6 4 23 13
13 7 2 3 13 8 17 16 9 5
17 5 4 17 4 7 7 18 22 14
# New job
7 20 4 8 18 2 3 11 13 7
18 1 26 9 10 13 10 13 4 8
5 1 17 2 13 4 10 18 15 8
13 12 4 2 19 6 10 37 6 11
5 38 16 15 11 2 4 17 6 26
# New job
9 25 6 5 22 7 3 7 3 20
13 2 1 6 25 5 24 19 4 3
8 19 1 13 2 16 34 9 10 16
11 3 12 7 14 5 5 12 11 25
9 8 13 1 25 21 11 4 13 6
# New job
16 9 15 19 5 4 12 1 25 9
26 16 5 3 7 16 17 6 7 30
9 1 8 5 16 7 26 9 6 13
31 10 28 18 13 16 21 5 34 6
25 4 4 10 4 6 1 16 10 4
# New job
6 4 8 17 10 24 6 13 13 7
5 16 25 16 12 11 8 11 3 19
8 8 14 18 15 10 16 8 6 18
7 26 8 12 11 24 8 6 17 3
10 9 25 3 3 23 13 24 17 9
# New job
36 20 12 4 13 17 1 8 8 10
6 11 3 15 17 11 4 15 20 16
18 24 29 19 15 15 20 20 4 20
13 4 1 5 18 31 4 4 8 6
6 2 8 4 2 12 3 4 6 4
# New job
12 19 7 24 3 24 18 2 19 10
17 4 2 8 22 7 9 4 1 2
14 10 1 11 9 17 25 4 4 23
7 1 4 9 3 2 4 3 8 11
6 25 6 2 6 2 2 19 29 9
# New job
21 4 8 2 15 10 1 12 11 3
1 42 6 16 15 8 28 28 16 14
4 10 17 29 11 17 4 19 9 4
23 16 11 6 12 9 13 11 1 36
14 8 4 22 18 4 9 13 4 1
# New job
7 17 12 5 15 9 8 18 3 22
7 15 15 11 10 6 1 15 31 1
6 22 9 8 14 5 2 16 30 14
36 1 7 6 1 6 18 21 4 23
20 3 3 28 14 7 9 12 6 10
# New job
3 12 24 2 1 9 21 3 4 5
10 6 4 16 16 4 2 10 1 5
13 34 1 1 2 4 12 13 14 40
18 17 18 3 22 11 2 17 9 5
5 4 1 20 16 2 1 14 3 17
# New job
6 10 1 18 5 12 13 27 2 4
7 6 17 9 22 8 16 34 13 3
33 6 15 10 11 9 6 13 7 6
10 1 18 6 4 3 26 9 7 1
28 11 8 13 15 18 29 13 7 38
# New job
6 5 10 18 1 13 14 3 5 2
31 17 5 12 3 17 7 17 11 6
7 4 16 11 11 17 11 6 9 18
4 3 11 24 10 5 25 14 7 2
8 18 8 7 13 4 12 26 12 1
# New job
20 4 5 22 8 10 4 13 7 4
34 16 11 1 17 17 6 2 10 25
13 13 7 6 3 6 29 15 7 1
7 27 2 13 9 11 5 19 23 1
10 9 13 8 6 9 2 5 9 1
# New job
12 5 3 9 27 14 21 10 2 15
4 17 16 11 5 26 3 10 12 6
3 7 14 9 6 4 19 1 17 1
17 2 4 5 14 3 12 4 9 26
3 13 41 11 13 17 2 30 25 23
# New job
37 23 14 2 19 24 14 11 4 4
3 13 10 11 7 7 10 3 33 7
3 23 18 1 8 28 6 31 10 12
14 6 3 10 1 16 25 2 5 6
17 28 10 4 3 2 9 7 3 6
# New job
9 26 19 12 2 19 3 8 21 8
7 4 45 3 9 25 11 3 19 21
19 12 1 14 15 6 24 6 7 5
2 9 1 24 14 6 18 14 18 15
4 16 28 5 13 11 10 13 7 8
# New job
13 9 3 26 6 12 4 4 30 20
16 4 13 14 16 10 10 6 7 7
7 5 14 5 18 12 19 5 10 1
18 3 18 10 23 32 11 2 2 12
3 5 15 5 9 11 1 13 18 6
# New job
10 16 15 5 2 10 13 21 35 38
2 15 8 11 5 24 18 3 13 22
7 13 3 15 23 5 11 5 5 5
32 17 8 17 20 6 9 9 5 5
3 14 11 8 23 12 4 8 1 10
# New job
