# Job size: 25, Route size 5, Operation size 10 
# Machine size: 5
25 4 16 7 9 23 13 16 22 3
8 21 27 7 2 4 5 4 7 23
5 16 7 8 3 6 21 20 20 19
31 7 24 16 20 18 2 14 11 19
4 28 6 9 1 2 3 4 10 2
# New job
10 3 11 1 8 2 8 1 13 22
22 2 13 4 8 2 24 6 17 1
8 16 7 11 13 26 15 6 9 17
18 26 3 17 14 12 29 24 11 1
18 5 16 12 6 23 2 2 7 18
# New job
5 3 35 15 4 4 2 15 4 5
16 31 19 7 8 11 19 3 4 8
18 5 11 2 1 25 4 18 16 23
8 8 9 13 1 8 1 12 5 7
13 9 8 13 9 12 15 25 33 3
# New job
11 6 21 1 13 8 24 3 11 2
19 24 27 14 24 33 7 3 6 14
11 9 5 9 5 1 19 14 1 2
18 5 19 4 14 10 9 2 10 28
8 3 10 17 4 24 13 13 2 8
# New job
2 7 9 2 18 3 18 25 26 3
3 3 26 22 12 7 5 5 6 10
12 14 11 9 31 24 2 21 2 3
3 49 5 14 2 17 14 10 6 3
25 8 13 20 17 5 2 16 1 13
# New job
5 10 18 19 14 12 4 15 2 24
14 2 24 21 8 11 22 4 20 15
5 23 13 23 16 16 8 4 2 2
2 13 5 11 9 1 22 9 1 10
20 12 5 20 2 22 4 20 11 20
# New job
1 22 26 6 5 9 30 7 19 1
2 32 6 2 8 5 2 10 2 26
11 7 7 14 1 5 2 3 9 23
2 11 8 28 11 25 4 4 12 4
3 5 11 2 32 1 7 6 19 11
# New job
7 8 10 10 15 23 26 3 2 2
9 11 11 13 10 30 19 9 10 25
16 5 20 9 14 5 1 21 20 1
25 1 6 7 9 24 3 15 6 17
7 5 10 1 6 7 7 17 3 19
# New job
7 6 24 2 8 13 5 4 27 6
4 1 19 1 5 25 10 8 40 3
9 1 9 1 3 19 13 5 8 7
3 23 25 5 9 6 12 21 19 29
13 21 4 12 8 15 8 4 5 5
# New job
21 8 2 16 6 5 1 11 18 3
27 2 11 12 9 26 3 7 19 11
5 12 18 14 2 13 1 19 2 7
14 23 10 3 15 5 2 28 4 2
8 6 46 1 15 2 4 12 8 14
# New job
29 4 6 8 4 3 13 10 10 11
20 12 23 2 8 2 18 21 10 1
1 3 2 4 28 12 11 27 6 15
3 17 8 10 2 2 3 27 16 5
11 14 16 6 1 19 20 18 2 3
# New job
4 18 11 10 6 7 2 2 4 27
17 20 8 4 5 2 2 17 2 7
7 13 6 9 16 1 4 15 15 7
10 1 6 8 6 6 3 13 10 13
42 3 7 11 7 4 3 1 16 9
# New job
3 1 5 32 37 17 4 26 11 9
12 36 14 6 34 15 14 4 7 15
13 6 7 14 5 8 15 5 13 8
4 15 12 13 18 25 11 14 14 2
13 15 20 16 11 8 9 4 5 13
# New job
6 16 8 6 11 7 8 12 4 5
4 7 7 4 9 11 12 8 6 25
5 6 7 13 1 7 7 3 32 9
10 7 2 17 5 17 23 6 12 45
15 6 7 3 23 11 24 4 8 14
# New job
11 8 28 7 12 8 8 10 12 11
6 1 8 23 16 5 16 20 25 14
4 11 9 4 1 21 8 1 4 18
6 15 16 23 3 14 6 3 12 11
9 5 6 7 30 4 11 14 1 6
# New job
8 8 24 6 1 1 10 8 29 28
24 2 10 9 11 21 6 7 19 6
8 3 2 23 27 24 20 18 7 4
4 3 12 15 20 4 19 10 3 17
1 26 15 9 15 14 11 23 10 13
# New job
3 31 18 13 3 17 13 24 26 26
27 12 18 4 31 3 33 26 13 22
2 9 6 2 10 11 24 17 7 1
25 8 19 8 6 20 8 6 26 15
6 5 12 8 3 5 11 10 16 5
# New job
3 19 12 21 19 10 16 1 7 12
6 6 6 3 27 24 10 8 12 3
14 22 5 9 9 6 6 29 12 13
23 3 28 2 6 18 3 22 4 7
28 16 22 24 12 10 8 2 1 22
# New job
3 23 9 27 25 1 6 14 20 8
16 15 1 4 13 9 10 29 30 9
8 15 26 2 1 10 9 5 1 4
8 9 4 13 3 3 17 12 1 19
12 22 12 3 8 21 5 32 18 3
# New job
9 10 14 15 1 16 1 4 22 9
6 7 11 11 9 16 16 34 18 13
2 9 19 3 2 1 12 8 13 10
14 6 24 4 12 5 1 16 5 21
22 6 11 4 24 13 11 30 4 14
# New job
1 4 1 13 19 15 10 8 9 16
21 16 10 2 18 5 11 3 7 6
1 7 10 3 6 14 1 4 5 13
8 2 23 12 2 16 17 1 16 16
7 24 7 15 10 15 7 19 9 14
# New job
14 8 6 11 5 10 15 19 2 4
13 1 10 14 11 19 19 9 10 10
17 23 1 20 18 11 17 6 19 14
10 5 15 4 6 8 18 18 20 18
42 18 11 1 4 22 8 25 5 2
# New job
26 19 5 13 4 14 4 17 1 2
5 7 1 19 19 1 16 27 3 11
19 11 21 9 7 12 3 12 19 14
10 13 6 9 9 13 20 2 15 10
3 7 6 16 11 23 2 12 10 33
# New job
5 30 18 7 19 11 23 23 5 4
6 9 2 11 11 5 1 6 16 10
12 16 11 16 17 25 16 16 20 2
16 25 10 16 21 9 8 3 11 6
8 1 4 26 4 1 26 30 27 10
# New job
8 23 11 20 7 9 5 9 2 5
6 5 9 16 20 8 11 5 11 22
9 7 17 22 22 8 14 5 11 8
15 1 4 16 7 12 16 16 7 18
8 8 33 5 2 7 13 26 2 22
# New job
