# Job size: 150, Route size 3, Operation size 10 
# Machine size: 30
11 7 2 13 9 6 14 6 5 15
12 8 21 2 18 4 7 9 21 8
1 11 4 13 5 8 19 4 1 3
# New job
3 9 2 28 27 13 9 16 4 6
1 14 1 15 3 25 15 17 9 19
3 13 9 9 6 8 2 7 3 18
# New job
15 29 14 7 31 1 9 25 13 29
6 14 3 10 9 13 2 11 12 8
17 5 11 14 10 7 20 17 24 1
# New job
2 11 2 12 35 3 8 16 9 16
11 27 11 4 3 2 4 27 6 4
4 19 2 5 4 6 11 7 3 3
# New job
14 20 25 3 28 24 17 37 9 8
9 10 9 7 6 12 18 27 1 9
15 17 6 6 18 5 1 7 4 20
# New job
8 21 4 4 21 12 9 8 12 14
3 3 2 2 4 9 6 31 5 1
9 8 14 2 20 14 11 6 7 22
# New job
15 18 21 4 3 8 9 3 3 4
11 18 10 1 1 13 24 31 1 14
16 6 5 10 28 4 21 11 5 4
# New job
12 22 6 2 9 26 3 12 2 12
6 6 5 1 11 12 9 6 7 11
19 25 16 12 22 23 2 11 1 10
# New job
22 2 9 19 33 2 20 5 22 10
4 10 10 11 7 4 8 4 5 33
13 21 14 15 4 13 8 3 19 12
# New job
14 20 8 9 15 10 10 13 19 6
4 17 31 1 8 10 8 6 6 5
7 6 3 5 9 1 3 1 13 5
# New job
28 6 7 2 17 8 29 6 10 3
29 5 4 11 26 3 6 17 19 16
8 7 11 5 4 16 29 2 4 2
# New job
1 8 11 20 5 4 13 17 4 5
14 8 16 2 7 12 8 16 19 3
8 15 16 32 2 1 12 20 10 5
# New job
25 8 32 6 23 26 16 12 10 7
5 4 1 19 5 2 1 13 26 9
7 12 2 32 11 15 2 7 9 17
# New job
6 5 14 7 21 11 15 7 23 13
6 9 16 3 5 7 19 11 3 2
7 11 17 12 8 11 1 18 5 7
# New job
2 2 13 9 17 3 6 1 20 4
2 5 17 21 16 10 12 6 19 6
19 5 5 4 28 5 5 10 15 15
# New job
12 11 3 8 21 1 19 10 5 3
9 8 2 18 12 23 12 4 20 10
28 10 2 3 4 11 16 6 19 15
# New job
21 3 22 14 4 13 18 20 7 2
13 12 23 4 4 17 5 10 22 18
5 11 18 5 18 7 3 4 3 6
# New job
4 18 29 6 5 17 19 25 9 17
6 2 3 12 2 3 6 4 5 6
4 18 8 17 21 19 2 6 5 7
# New job
21 9 5 19 5 29 3 10 30 6
22 26 27 3 13 6 6 3 16 11
20 7 21 3 17 3 1 34 16 18
# New job
14 19 1 9 14 5 13 7 1 10
13 7 12 5 22 8 16 1 15 3
8 7 16 33 12 3 14 21 2 18
# New job
9 21 5 5 8 16 4 8 9 22
1 1 14 21 15 6 16 2 9 12
37 9 11 9 13 15 28 19 17 12
# New job
19 5 11 8 12 2 19 16 5 33
6 15 9 7 10 3 22 9 7 16
4 10 10 2 12 7 14 17 8 13
# New job
2 13 16 9 20 2 2 12 1 12
7 3 23 34 5 29 7 21 4 23
13 13 12 12 25 21 25 1 29 7
# New job
4 8 6 24 13 10 13 31 13 18
5 32 5 9 13 3 8 6 1 25
5 9 14 27 2 4 15 20 20 10
# New job
24 16 18 14 11 36 2 13 19 4
20 19 16 5 11 16 3 10 7 8
11 12 2 12 4 14 3 1 7 30
# New job
3 6 1 3 12 4 8 1 31 19
3 22 6 6 12 2 11 17 26 7
6 4 7 18 15 10 19 3 13 12
# New job
9 18 9 8 16 1 2 17 1 4
6 8 8 5 6 7 2 18 2 9
4 14 3 6 18 5 19 9 36 11
# New job
6 17 1 3 5 4 9 22 9 5
11 18 12 2 20 19 15 15 21 15
12 5 5 16 1 25 13 8 40 15
# New job
4 24 4 10 14 2 11 14 8 9
12 4 1 12 4 33 21 16 4 11
12 13 11 25 14 20 7 4 23 18
# New job
4 7 27 12 6 23 14 1 26 6
33 10 19 2 32 13 9 4 13 6
5 24 15 6 5 11 24 4 6 16
# New job
4 10 17 18 10 8 17 6 20 16
11 2 18 6 7 3 19 4 4 23
11 21 19 14 8 20 16 9 5 16
# New job
9 18 13 13 12 3 29 17 6 4
3 2 11 20 40 4 37 15 13 16
2 7 18 22 18 4 14 18 14 24
# New job
14 8 12 5 12 4 13 12 8 10
16 25 6 19 3 9 1 11 7 2
6 11 7 15 21 1 38 8 5 1
# New job
13 17 4 28 22 24 2 7 4 7
5 13 6 17 5 4 9 11 21 6
2 1 24 1 1 2 14 8 12 15
# New job
1 9 2 1 20 8 24 17 5 1
7 10 1 22 20 21 25 2 14 28
2 22 3 21 16 7 8 12 9 10
# New job
7 4 23 9 8 24 6 15 7 28
12 5 10 3 6 3 7 3 6 9
5 25 3 18 9 14 12 7 12 6
# New job
14 5 21 3 1 13 1 1 6 4
15 12 24 2 6 11 17 3 9 13
2 28 11 16 8 2 3 13 6 15
# New job
19 2 14 18 2 3 1 20 14 3
1 20 2 7 40 19 14 8 1 8
2 1 9 24 29 13 15 10 3 15
# New job
15 8 6 10 12 29 8 14 2 21
4 10 13 14 8 3 7 5 6 8
12 24 16 1 7 15 21 3 19 3
# New job
14 11 3 19 1 6 9 7 22 9
13 10 6 27 12 2 27 14 2 11
31 8 2 14 13 1 23 11 11 15
# New job
10 15 19 9 17 26 8 15 6 6
18 18 7 20 11 10 2 5 11 27
15 2 16 2 2 27 22 8 13 6
# New job
5 38 9 8 11 10 19 13 24 14
9 18 25 4 13 5 7 2 15 7
9 22 10 7 2 12 1 34 26 6
# New job
19 3 12 20 20 2 12 21 18 11
28 11 23 21 1 8 15 15 12 16
18 17 9 4 24 1 10 5 17 16
# New job
18 1 5 28 12 1 12 7 10 5
27 7 20 1 5 8 18 24 5 16
10 8 14 7 10 20 11 5 16 17
# New job
5 6 11 27 6 15 20 8 14 11
14 2 14 6 21 26 3 6 10 11
6 2 12 2 15 3 17 12 6 10
# New job
8 29 2 18 1 21 7 7 3 1
11 19 12 23 2 2 20 5 17 9
5 20 10 13 16 4 4 18 19 12
# New job
2 1 1 7 17 15 5 1 1 11
6 4 2 5 8 28 9 2 14 7
18 11 19 9 22 11 5 16 6 7
# New job
15 3 6 10 7 7 3 12 1 3
8 6 12 11 9 30 13 21 2 14
2 5 3 7 10 19 10 8 13 23
# New job
6 19 7 21 23 11 5 1 27 12
5 3 44 15 21 9 17 21 7 12
20 18 3 11 7 14 9 2 19 17
# New job
13 11 6 1 12 9 4 21 12 1
1 21 14 16 27 2 15 10 1 9
4 5 27 7 2 14 6 25 7 27
# New job
33 2 19 10 42 8 19 6 29 4
4 2 1 6 14 1 6 15 10 3
16 16 24 21 3 4 5 3 16 6
# New job
19 3 5 3 16 46 12 15 19 17
15 5 6 3 9 4 15 9 28 3
8 19 8 17 14 10 11 10 8 4
# New job
29 1 1 11 12 28 6 8 18 5
3 13 7 24 3 6 3 13 7 11
10 11 10 24 18 14 5 26 3 4
# New job
1 12 6 1 7 5 11 3 18 2
4 19 8 22 20 13 12 3 28 2
28 14 5 7 24 1 10 14 9 13
# New job
24 14 9 14 7 1 8 3 3 11
7 9 8 2 3 5 8 1 24 21
12 1 29 25 9 24 7 7 4 1
# New job
16 8 23 19 3 13 4 24 5 8
21 15 4 11 15 9 8 6 2 14
13 14 13 23 11 14 3 3 4 11
# New job
1 12 2 8 5 4 2 5 10 2
4 3 16 24 17 2 3 10 8 2
32 22 6 12 9 10 8 8 12 5
# New job
4 5 18 33 12 4 9 6 2 11
18 4 30 9 19 13 7 11 28 22
1 16 15 8 1 13 9 8 23 7
# New job
10 23 10 2 3 27 3 14 4 4
5 17 1 5 13 23 26 12 21 25
13 12 9 3 27 21 6 9 21 11
# New job
12 27 13 6 9 23 9 18 3 10
3 2 9 12 9 10 14 21 10 8
21 11 1 3 5 6 1 22 18 8
# New job
6 6 9 9 24 8 26 21 1 25
4 5 8 18 3 20 4 1 29 6
5 10 12 7 10 16 19 12 2 14
# New job
13 4 21 26 7 6 19 27 20 11
6 3 5 7 12 20 5 10 8 14
20 14 6 17 21 23 8 9 16 3
# New job
2 5 2 2 19 9 5 14 1 17
14 3 14 19 10 21 33 12 11 22
7 9 4 10 2 3 26 17 28 6
# New job
3 1 41 20 12 8 3 8 19 4
5 21 12 27 13 2 1 5 11 4
30 14 13 12 10 8 2 5 37 2
# New job
22 7 6 9 5 2 19 10 20 26
15 5 5 4 1 4 3 2 7 27
20 38 3 14 28 16 12 23 16 5
# New job
14 11 1 5 23 10 2 10 5 12
21 19 4 1 38 9 23 2 6 16
1 3 7 25 6 8 1 12 5 16
# New job
13 18 12 11 12 16 10 11 4 2
3 17 4 16 3 5 3 3 18 13
14 5 25 2 5 7 8 8 16 21
# New job
10 19 9 7 6 6 9 18 19 9
6 9 7 7 17 25 17 1 2 5
6 2 2 19 9 14 8 3 15 11
# New job
3 11 9 6 40 18 23 12 10 22
8 5 4 7 19 9 7 4 2 12
9 7 3 16 2 8 12 14 15 26
# New job
15 20 4 5 4 26 8 3 7 21
1 12 12 11 22 9 12 15 21 4
13 6 18 13 14 1 8 11 17 4
# New job
1 11 7 8 6 6 5 11 8 7
2 1 29 3 7 14 1 11 5 15
8 24 14 3 10 7 14 15 15 23
# New job
17 28 18 8 12 13 11 4 6 4
7 8 11 2 7 27 15 1 3 1
7 1 4 26 25 3 14 4 8 20
# New job
7 6 16 1 21 6 3 21 26 4
25 21 10 1 12 21 16 3 8 10
15 4 19 4 9 18 12 8 24 12
# New job
6 19 17 22 13 27 8 13 9 26
13 9 1 21 1 14 6 19 18 25
17 1 3 10 5 11 13 4 13 21
# New job
25 4 12 3 13 30 8 31 3 12
1 6 13 6 6 14 2 5 3 16
17 9 7 12 8 2 5 12 5 13
# New job
10 29 2 2 6 9 9 13 16 6
18 5 4 1 3 4 23 3 4 25
23 9 4 13 17 2 9 5 6 8
# New job
3 17 11 1 6 3 4 5 13 6
16 4 11 5 5 12 10 28 18 21
11 11 7 7 17 13 6 1 5 8
# New job
10 1 4 16 12 20 13 22 5 22
23 13 35 1 7 11 14 18 3 11
12 10 12 3 11 18 6 8 17 11
# New job
29 25 13 19 1 6 10 4 12 9
15 7 1 3 8 8 8 15 1 21
24 8 13 14 3 26 3 10 4 3
# New job
2 3 7 7 22 2 19 15 15 8
8 20 6 18 2 6 14 12 3 3
1 28 11 16 7 1 3 12 18 24
# New job
1 9 13 10 11 10 4 15 5 24
23 16 6 44 13 3 2 13 9 17
5 1 5 4 3 10 4 8 3 9
# New job
33 6 4 12 8 34 33 15 17 20
1 10 10 6 14 7 19 11 9 1
3 3 21 9 10 16 3 5 4 13
# New job
8 17 16 4 25 2 7 11 9 5
8 7 1 19 5 35 11 6 9 13
15 6 1 25 21 13 4 7 7 21
# New job
17 7 10 5 16 22 11 16 5 4
12 1 14 5 8 15 15 5 9 7
7 12 8 6 32 18 10 6 1 3
# New job
18 5 22 6 13 5 3 12 41 23
25 1 11 3 5 21 26 10 4 10
13 1 21 14 3 3 19 17 4 10
# New job
15 11 10 6 15 26 29 14 8 10
18 12 26 5 31 4 2 2 15 16
1 18 2 1 4 13 20 15 12 21
# New job
4 6 13 17 12 11 10 16 13 12
8 8 11 8 25 12 18 18 5 22
11 9 6 14 14 13 22 3 1 5
# New job
4 7 32 14 47 1 8 12 7 4
27 4 6 8 13 17 9 6 3 11
12 3 15 16 17 24 4 10 29 23
# New job
3 10 1 13 12 5 8 19 17 20
4 1 3 5 20 5 11 1 22 13
10 11 13 3 18 18 30 12 6 7
# New job
14 8 25 8 8 5 4 14 5 17
9 5 16 3 18 21 2 4 11 3
4 3 10 4 8 32 2 5 21 33
# New job
12 26 38 6 7 4 3 2 6 3
31 24 12 5 27 9 4 6 7 14
10 13 1 10 8 5 28 1 6 10
# New job
16 7 11 25 6 22 15 19 11 6
7 9 22 4 26 6 9 12 9 3
8 17 18 3 1 4 11 40 3 10
# New job
17 12 16 20 14 31 2 6 3 14
1 4 32 13 19 7 1 31 3 12
13 13 13 13 5 14 8 3 30 4
# New job
5 25 5 6 4 5 15 1 26 15
22 1 20 20 4 9 7 5 3 7
9 9 4 2 10 23 23 1 10 4
# New job
2 1 3 4 3 11 1 9 10 10
25 1 15 9 25 13 7 21 2 4
2 11 27 11 9 13 8 2 18 4
# New job
7 16 3 1 10 6 3 4 16 14
5 9 16 7 20 16 1 6 23 11
29 17 16 34 23 19 21 14 9 2
# New job
5 6 5 11 2 7 20 24 13 16
6 9 9 4 5 22 13 20 2 10
18 9 21 5 4 6 14 20 4 10
# New job
10 10 10 5 9 29 10 9 6 5
3 15 15 12 7 6 3 9 5 6
19 11 1 24 19 8 13 3 21 18
# New job
9 6 14 16 13 6 6 13 2 6
10 20 1 7 11 20 4 9 36 11
2 19 2 3 17 13 4 6 4 19
# New job
7 3 19 25 17 7 15 13 5 35
12 11 21 2 1 24 9 2 11 26
4 7 5 10 11 10 6 10 6 11
# New job
3 4 6 3 15 5 17 1 1 4
1 15 6 23 14 12 7 10 12 12
3 10 6 12 40 3 18 14 9 2
# New job
14 10 36 13 11 22 7 19 11 11
21 9 3 11 39 3 5 9 18 14
1 1 2 1 1 35 4 5 10 9
# New job
14 14 8 13 26 22 35 26 12 6
20 39 1 13 13 2 3 10 7 38
4 27 12 18 2 1 20 7 2 15
# New job
5 10 1 15 14 18 2 29 4 11
7 9 9 2 3 13 18 8 22 4
21 19 19 1 19 20 18 6 2 7
# New job
10 17 8 26 18 3 37 1 1 10
17 2 7 2 8 5 10 3 4 21
17 28 18 9 3 6 2 3 21 8
# New job
4 12 21 1 31 5 4 14 12 10
1 9 3 13 22 17 2 2 9 20
15 7 10 8 7 28 32 1 3 12
# New job
1 21 21 1 5 9 3 16 8 2
16 7 6 21 27 1 2 12 1 4
7 27 6 17 24 6 1 15 4 11
# New job
21 17 11 12 1 5 16 23 14 10
8 25 21 7 19 14 10 5 10 4
11 10 7 24 4 16 5 6 5 14
# New job
4 4 4 15 34 2 12 10 24 9
7 9 24 16 9 15 12 14 15 12
9 22 17 3 13 19 13 2 5 11
# New job
2 26 28 18 11 12 10 11 11 35
4 24 3 2 18 20 5 7 8 16
12 1 26 1 19 6 3 8 11 7
# New job
9 31 8 3 16 10 10 6 3 22
23 5 4 11 4 14 17 25 12 15
18 26 6 10 15 8 1 15 22 11
# New job
12 1 30 5 21 4 13 6 8 21
19 8 6 15 17 2 10 12 14 16
13 8 4 17 28 18 12 9 13 7
# New job
13 17 15 15 6 4 26 13 6 1
8 14 7 8 15 8 4 11 6 3
6 5 4 14 8 8 17 7 16 5
# New job
22 5 4 19 5 20 8 7 4 1
24 11 6 4 2 9 30 8 18 22
8 11 2 21 24 11 18 7 18 23
# New job
19 8 17 14 25 9 13 5 28 11
1 8 4 14 9 28 3 8 8 10
7 3 4 8 5 1 28 6 15 1
# New job
18 29 14 17 9 3 28 5 21 23
7 9 18 1 25 4 10 10 20 2
10 4 16 14 7 23 10 26 8 4
# New job
26 10 2 16 12 26 8 2 4 18
8 3 5 11 16 12 22 18 23 2
11 10 23 10 1 3 3 11 6 14
# New job
6 8 10 5 22 7 1 4 10 12
10 10 9 7 7 14 15 13 11 17
12 21 14 2 14 1 3 13 1 10
# New job
7 19 7 14 1 8 1 20 14 11
24 9 5 5 9 3 24 8 3 5
14 6 22 10 9 10 10 2 9 8
# New job
10 13 11 25 4 6 1 4 7 15
3 4 1 4 11 4 21 12 34 18
2 5 6 17 5 4 18 15 9 14
# New job
2 15 5 14 11 18 5 6 9 17
27 1 16 4 4 11 16 2 4 13
20 3 3 19 6 5 8 13 9 19
# New job
5 4 1 22 10 7 4 28 1 20
14 3 13 13 3 15 17 1 14 12
4 2 25 12 22 3 11 4 4 5
# New job
13 5 4 8 6 2 4 24 31 23
17 4 21 4 16 14 27 16 15 4
2 5 21 13 10 5 8 10 11 8
# New job
3 14 1 6 3 15 1 23 9 12
10 7 3 11 9 3 16 12 9 1
6 20 5 2 13 25 4 3 15 6
# New job
2 24 1 16 8 24 5 14 10 7
14 1 28 14 5 29 23 21 28 9
6 10 12 10 20 2 14 7 23 12
# New job
3 4 7 11 13 4 21 8 14 23
16 4 6 2 7 8 1 26 21 6
8 16 15 19 11 3 32 13 7 7
# New job
12 2 10 9 7 1 1 12 6 25
13 5 16 11 32 16 6 6 31 22
3 29 6 21 14 6 10 1 3 9
# New job
18 12 11 16 5 7 18 5 2 2
8 14 19 14 21 12 12 27 23 12
5 4 7 14 2 15 11 16 5 3
# New job
8 4 8 1 4 3 8 11 11 22
10 13 20 16 13 1 29 11 5 3
6 9 4 5 2 4 6 16 4 4
# New job
27 7 2 9 4 10 12 11 12 1
3 14 18 5 35 14 20 1 17 8
14 30 1 3 6 2 13 3 8 12
# New job
3 4 9 11 5 1 20 5 11 12
8 30 3 35 25 7 3 12 11 8
6 4 20 5 7 4 9 6 6 4
# New job
22 9 28 25 8 22 11 13 7 9
12 8 24 3 21 5 3 6 14 10
15 21 4 4 28 5 4 34 2 17
# New job
7 15 4 11 4 7 24 3 12 1
18 10 3 9 19 7 7 20 3 8
16 2 17 14 3 26 8 18 2 6
# New job
3 27 16 9 1 4 7 2 10 8
11 20 29 8 16 3 26 16 10 5
6 19 15 1 3 6 4 8 12 11
# New job
18 21 13 1 30 8 4 2 24 10
7 12 3 16 4 8 3 7 6 3
20 11 3 12 8 19 10 36 5 15
# New job
7 26 20 4 13 35 5 11 18 10
3 4 1 9 3 17 23 36 8 5
11 19 8 7 4 18 1 31 10 13
# New job
14 13 6 21 4 7 19 2 34 23
18 5 6 32 16 9 14 17 5 4
8 5 19 9 7 10 8 4 16 6
# New job
20 16 8 41 4 9 25 4 15 8
14 34 4 6 2 20 4 1 7 6
16 26 14 3 28 2 18 9 3 2
# New job
33 12 4 6 1 8 42 5 4 13
3 3 12 13 26 21 2 19 3 3
2 15 1 14 5 8 13 11 19 14
# New job
12 18 9 26 16 8 10 18 5 13
1 13 14 4 20 4 12 7 11 1
3 16 8 21 29 3 6 14 9 11
# New job
8 6 9 4 3 20 7 3 6 10
26 2 14 23 14 4 7 13 10 8
1 5 11 3 4 5 10 8 13 28
# New job
8 15 4 10 7 7 12 15 15 4
18 9 12 14 14 3 18 3 23 26
17 8 25 25 7 22 11 3 1 3
# New job
7 21 8 13 9 27 2 1 9 3
6 21 7 12 19 19 11 9 6 12
1 9 3 3 3 7 29 2 2 13
# New job
47 28 9 12 7 6 23 35 2 5
10 20 14 15 26 10 2 6 8 28
5 30 9 3 3 15 17 6 7 21
# New job
22 16 22 3 15 19 16 25 20 23
16 15 9 4 2 17 7 28 4 11
17 14 1 29 6 4 12 10 20 5
# New job
1 8 9 18 8 2 10 13 11 1
4 17 13 1 3 4 1 24 3 14
29 16 10 14 11 13 8 15 11 7
# New job
11 4 21 22 6 9 15 26 7 14
17 28 1 16 6 8 5 32 16 3
9 14 15 19 1 8 5 11 20 19
# New job
9 7 11 13 5 23 1 9 11 19
1 18 12 2 14 3 14 24 26 7
1 5 12 20 6 19 3 9 6 9
# New job
11 9 9 4 6 14 4 6 20 6
17 2 8 6 20 4 6 1 1 22
13 1 2 3 7 8 11 10 23 2
# New job
3 2 19 22 34 17 17 14 11 18
2 10 30 4 5 10 9 12 11 1
9 3 9 1 18 19 1 6 20 13
# New job
