# Job size: 100, Route size 5, Operation size 10 
# Machine size: 20
12 1 18 18 8 18 18 16 7 13
1 13 8 5 2 8 9 5 27 22
9 12 5 2 3 4 19 12 14 8
9 19 16 5 11 14 2 1 9 22
11 3 20 4 2 19 1 11 5 6
# New job
2 3 5 15 16 18 22 32 13 5
3 2 3 1 16 4 3 7 4 8
13 3 12 7 7 19 9 9 24 5
6 16 15 3 33 6 7 5 1 5
11 2 11 6 10 24 20 21 1 2
# New job
9 11 8 9 10 6 14 15 7 3
1 16 8 3 13 21 12 10 5 21
8 1 16 7 4 26 11 6 17 23
8 14 9 6 4 10 2 13 3 7
23 2 21 3 4 16 12 5 17 5
# New job
13 16 21 18 2 14 13 9 16 10
1 15 12 6 19 11 26 22 24 2
10 7 36 13 3 4 10 14 16 30
7 2 2 17 19 16 15 2 18 19
10 5 7 7 20 16 23 4 1 21
# New job
8 1 5 2 13 22 9 15 13 20
18 4 18 14 11 2 4 2 2 11
5 17 10 10 3 8 12 8 9 6
4 18 5 13 9 2 7 9 15 2
5 12 11 14 14 20 14 12 28 5
# New job
12 8 19 7 18 2 14 17 1 8
6 34 23 22 2 4 15 2 14 18
3 12 7 11 4 10 13 17 30 4
6 24 5 13 11 8 7 16 2 7
7 12 14 3 6 18 20 12 12 5
# New job
4 8 26 12 11 20 6 3 10 11
25 4 9 3 8 13 5 8 24 4
6 12 7 19 14 15 2 43 3 6
5 2 11 17 25 4 7 19 10 4
3 1 6 13 4 10 3 10 17 15
# New job
20 16 14 16 2 26 21 10 30 3
4 12 1 9 20 9 24 2 21 9
3 2 17 6 14 15 8 16 5 5
1 4 8 11 25 4 13 4 14 15
13 17 2 8 7 6 3 19 9 17
# New job
14 16 6 9 3 17 5 8 4 12
4 9 20 11 6 23 9 6 6 19
4 3 35 16 17 3 3 13 13 29
24 26 3 24 10 12 15 17 3 6
12 38 5 12 17 21 4 27 1 17
# New job
24 3 10 25 5 7 17 25 14 18
4 7 4 4 10 10 11 3 31 24
10 9 14 12 15 27 4 3 4 24
19 24 9 6 17 27 17 12 12 9
21 8 10 18 19 7 12 10 15 5
# New job
9 32 5 14 11 3 6 9 10 4
6 3 9 7 2 9 3 10 1 54
15 9 13 21 24 13 21 19 16 9
6 20 18 5 22 27 7 6 7 15
9 9 8 16 15 25 8 3 7 11
# New job
6 1 1 5 4 12 19 10 20 14
5 39 15 24 22 7 24 3 6 5
10 17 8 12 2 16 27 9 10 20
18 3 19 22 1 1 2 13 2 15
10 5 7 8 7 23 13 9 30 9
# New job
11 2 6 32 13 8 14 5 2 16
15 7 7 12 23 5 11 3 19 18
16 5 6 1 6 5 13 5 12 17
17 20 12 8 1 10 7 2 8 13
2 16 11 14 1 5 8 11 11 3
# New job
10 1 18 10 1 7 20 4 12 32
14 5 1 11 11 10 17 8 5 10
15 7 13 13 7 17 7 5 13 5
29 26 10 2 7 28 1 14 14 14
4 3 8 11 16 11 10 13 16 7
# New job
7 8 13 18 22 12 21 22 8 23
2 21 21 2 6 28 6 11 13 18
2 14 13 4 4 12 4 29 20 29
15 2 5 6 28 2 1 15 10 9
32 5 16 2 3 4 17 10 13 3
# New job
24 5 8 13 4 7 4 16 2 4
23 7 27 17 17 17 20 12 6 14
5 10 3 6 16 12 16 16 2 5
5 16 25 6 24 16 7 8 1 18
16 5 9 3 8 1 12 15 6 3
# New job
14 19 4 4 13 4 7 11 13 5
15 21 13 3 2 5 9 1 5 12
22 9 16 1 6 25 7 13 11 4
31 10 10 21 8 16 4 4 12 9
16 13 10 14 4 30 4 1 12 23
# New job
1 21 11 12 9 6 4 9 2 4
6 1 7 15 13 11 2 20 15 34
27 7 13 7 1 17 4 14 7 7
5 26 5 27 22 17 25 16 22 9
5 9 13 3 9 18 30 24 27 8
# New job
1 19 7 11 3 10 8 1 24 20
5 22 23 11 8 10 9 27 14 3
6 20 9 1 12 4 19 5 15 13
17 15 10 15 11 16 28 24 12 7
24 14 1 8 8 17 1 21 8 21
# New job
3 23 6 8 2 9 1 10 6 16
25 11 3 4 3 7 1 23 25 13
13 14 25 11 18 3 9 18 6 4
11 3 4 11 23 6 23 14 2 7
15 12 2 6 10 5 1 5 10 10
# New job
10 14 1 3 18 2 21 5 27 10
4 12 10 4 19 11 13 2 10 5
3 6 3 1 20 21 25 10 18 16
7 27 8 13 11 12 13 3 2 3
1 8 38 2 10 17 13 21 17 6
# New job
9 21 17 2 5 16 12 25 17 23
19 15 8 17 27 12 1 2 2 6
9 24 17 19 20 6 13 17 2 4
2 9 10 7 6 2 23 17 16 1
7 4 15 1 16 3 5 3 19 9
# New job
19 11 5 22 4 18 18 9 4 14
3 27 3 13 13 1 4 4 11 10
16 24 1 10 11 18 4 32 2 4
10 24 18 2 45 2 8 13 3 17
12 1 1 16 7 25 29 8 6 4
# New job
27 13 23 12 6 19 22 18 10 10
25 3 6 18 30 5 6 11 1 7
20 12 8 12 16 20 4 22 23 16
28 11 10 5 11 19 16 12 9 37
7 8 18 17 6 10 6 10 5 2
# New job
14 1 13 3 14 1 12 9 8 18
10 12 14 23 16 14 11 14 19 18
4 4 25 2 24 21 5 7 10 10
30 6 2 11 1 25 9 3 11 5
7 12 16 14 4 25 7 21 2 23
# New job
24 2 4 13 2 17 20 15 18 9
5 27 2 8 12 22 4 24 4 7
7 1 7 18 11 12 4 5 4 5
11 5 28 1 10 10 17 10 8 14
6 8 17 1 2 1 5 11 6 3
# New job
6 10 9 6 6 19 3 10 9 3
14 13 12 13 8 7 3 22 1 1
7 12 4 11 15 3 7 10 18 16
14 8 20 15 6 18 21 38 19 4
1 30 18 6 7 16 9 22 1 9
# New job
7 2 12 2 16 10 14 17 6 17
22 13 22 4 1 3 11 14 10 6
8 18 2 10 27 2 20 5 2 12
3 21 15 17 12 10 17 3 19 13
12 3 12 2 23 21 13 27 1 6
# New job
8 15 7 20 5 17 3 12 12 12
21 14 23 1 8 13 7 20 16 7
18 2 1 1 6 10 15 2 5 4
2 19 13 16 13 3 14 10 10 4
15 1 19 6 4 6 21 3 9 10
# New job
9 8 27 2 19 6 6 6 9 2
13 8 12 17 33 15 18 16 14 16
27 4 9 8 2 5 3 7 6 2
17 8 6 12 9 2 8 10 15 1
9 7 19 17 12 10 3 4 1 8
# New job
3 19 1 10 14 1 19 1 9 9
15 23 20 2 12 11 5 5 21 16
6 7 5 8 3 7 4 4 2 5
6 12 19 21 12 7 11 14 2 2
21 2 10 5 21 16 13 13 7 13
# New job
26 19 5 18 26 7 10 13 7 9
9 9 27 7 2 14 6 6 3 12
19 5 5 11 21 25 12 17 12 1
10 2 33 21 21 20 9 6 25 15
15 18 1 11 8 31 10 18 11 13
# New job
18 3 17 8 11 9 21 1 3 15
9 10 11 19 11 35 14 21 7 5
7 13 6 5 5 5 5 17 9 9
16 4 23 28 5 15 12 7 26 9
20 15 18 2 7 4 9 17 26 5
# New job
15 2 9 32 27 29 21 13 3 3
11 9 11 14 7 10 3 38 7 2
7 5 11 4 14 16 2 3 11 23
13 9 8 20 13 6 8 7 3 10
17 1 6 11 8 15 1 11 17 2
# New job
12 5 10 12 11 2 36 7 13 2
9 13 13 13 5 16 11 9 2 23
11 13 5 15 16 14 7 31 15 2
30 15 3 24 11 6 1 1 9 18
6 17 6 8 7 29 5 4 5 2
# New job
21 10 29 29 7 5 4 35 36 30
4 13 35 8 11 6 11 9 21 1
35 13 10 8 2 3 7 18 5 12
5 6 5 10 13 16 1 3 26 16
39 16 3 15 4 8 6 14 11 6
# New job
6 3 20 11 16 21 1 3 11 3
1 2 4 13 1 4 23 9 14 26
4 1 5 12 8 23 19 30 9 4
26 15 8 7 4 1 18 13 11 6
5 5 11 20 4 20 5 4 3 2
# New job
6 3 4 9 8 19 23 10 13 2
9 16 9 10 12 15 1 4 13 6
14 2 4 5 16 6 21 11 16 12
5 31 20 15 12 21 8 13 1 26
14 1 36 14 2 14 26 9 33 5
# New job
1 7 40 19 12 14 9 20 15 4
4 2 13 2 17 5 22 14 9 3
6 8 8 2 37 9 5 28 26 9
19 2 11 29 10 20 4 22 16 6
10 3 3 22 4 12 8 3 5 18
# New job
9 15 24 8 22 5 12 2 12 22
4 5 9 6 11 26 2 12 2 29
7 8 21 19 22 22 8 4 7 3
10 15 4 5 17 10 14 24 14 2
1 12 12 3 28 11 15 8 7 3
# New job
12 23 21 11 28 4 4 7 35 4
6 3 7 11 3 9 2 1 13 19
15 11 8 2 6 6 11 25 28 11
10 13 9 12 6 19 7 5 4 10
12 4 9 11 3 1 13 13 5 10
# New job
16 24 23 11 16 3 7 6 6 34
4 2 2 16 19 5 4 6 11 8
18 31 21 16 4 11 4 4 23 1
28 11 9 9 6 8 8 13 21 10
17 3 6 6 7 10 21 16 11 11
# New job
19 15 8 25 24 1 14 10 5 10
5 25 14 6 17 14 13 21 4 6
3 19 1 4 16 3 5 2 8 6
14 21 1 3 6 1 18 17 13 11
12 8 19 1 11 27 1 6 15 8
# New job
15 14 12 36 4 5 4 5 14 4
4 22 21 17 27 23 1 15 8 4
3 11 6 28 1 2 16 17 23 18
8 34 10 2 7 8 11 9 13 25
14 2 5 12 4 1 9 2 3 16
# New job
17 1 13 11 15 23 14 7 32 19
19 4 9 2 7 9 3 13 31 12
9 9 4 11 1 8 19 32 6 9
11 21 9 24 13 7 2 3 14 3
13 14 9 21 14 14 25 12 6 10
# New job
6 3 1 25 13 7 10 8 11 4
33 34 21 14 7 5 20 3 1 17
4 4 18 1 18 7 28 20 12 17
4 1 19 23 5 4 14 13 3 8
43 1 14 5 12 6 14 6 9 14
# New job
10 3 9 12 4 8 14 1 10 9
2 5 14 8 2 8 9 30 7 9
11 12 29 12 24 17 13 10 9 6
10 3 32 5 5 18 9 4 2 8
13 15 38 10 5 24 2 16 27 8
# New job
3 12 3 9 3 2 1 20 12 5
12 8 23 13 14 5 10 2 3 8
5 7 2 5 12 5 22 36 28 21
7 7 8 1 21 5 24 19 6 14
24 15 5 9 8 19 12 1 17 18
# New job
4 4 3 1 16 10 16 18 11 2
3 19 14 18 20 7 19 4 6 19
16 8 11 5 20 14 4 9 7 8
14 25 12 4 5 32 8 7 11 9
7 25 16 12 32 5 19 1 16 24
# New job
17 1 23 3 14 14 2 4 22 5
14 3 11 15 5 3 22 21 2 4
13 18 11 14 7 4 13 27 4 11
9 6 17 2 7 6 3 5 1 8
20 10 3 2 13 8 25 7 19 20
# New job
3 11 11 11 25 1 2 2 7 2
9 19 7 29 19 6 22 16 2 1
5 10 15 7 5 7 1 13 25 11
8 12 9 3 9 25 9 13 1 18
16 6 10 8 15 4 13 3 29 19
# New job
6 13 13 5 1 21 15 14 4 7
24 7 2 7 2 21 14 7 15 12
33 14 2 16 1 10 19 9 26 19
9 9 7 1 4 16 3 2 26 17
14 3 3 17 5 4 16 2 4 10
# New job
13 14 20 4 7 10 14 4 16 9
24 20 7 12 1 11 17 9 18 12
26 43 7 1 9 10 9 6 4 19
14 18 5 1 1 24 6 2 3 11
11 9 11 4 5 18 3 28 27 10
# New job
20 8 3 33 1 11 3 22 26 19
2 29 2 2 6 6 14 5 23 10
3 15 4 1 2 5 7 27 16 22
10 22 21 3 19 5 6 6 20 1
4 10 34 3 34 4 1 10 21 17
# New job
13 4 12 2 5 7 11 23 3 2
8 7 18 31 17 12 6 30 24 9
1 10 2 9 11 14 10 6 8 10
16 18 8 3 14 6 1 9 9 2
25 10 20 14 3 5 16 19 10 7
# New job
10 2 5 18 11 3 4 16 9 26
12 15 12 22 17 11 5 6 1 1
7 12 9 39 11 7 8 17 9 5
2 6 3 2 1 21 5 7 6 17
4 10 9 5 4 18 11 11 4 21
# New job
3 4 2 18 1 1 13 4 3 8
11 6 11 8 7 5 11 32 11 9
17 17 8 17 12 23 3 8 5 33
7 7 20 19 7 2 3 5 13 6
11 2 15 6 19 9 10 15 11 16
# New job
9 4 3 8 2 11 2 1 6 2
10 7 15 8 21 5 18 11 7 21
27 29 4 7 2 17 12 21 20 6
19 9 4 18 3 16 12 11 29 4
1 6 2 9 15 20 5 23 23 4
# New job
27 6 5 6 10 6 6 3 13 20
9 11 6 2 1 1 4 9 31 8
17 25 9 13 15 3 7 17 16 11
12 30 12 9 11 8 14 25 4 1
15 23 20 1 3 32 1 14 11 16
# New job
19 4 8 12 13 21 20 11 16 13
8 3 37 1 14 16 2 8 2 5
6 9 11 5 13 18 7 1 5 11
16 1 14 5 7 13 34 20 2 29
10 9 22 14 5 11 6 3 8 19
# New job
10 12 9 23 8 15 18 9 1 4
10 6 14 6 34 11 8 15 5 15
5 19 15 24 3 10 13 5 15 11
10 15 17 11 2 16 3 2 18 9
12 12 4 31 1 3 25 3 5 30
# New job
9 26 4 3 1 1 3 4 2 25
16 38 6 8 2 16 25 4 4 2
11 15 10 1 7 2 5 8 9 5
16 2 9 5 3 17 13 1 3 10
7 19 9 14 17 8 5 1 19 1
# New job
2 19 19 16 7 3 28 10 11 8
3 12 23 4 4 16 9 3 9 25
18 6 5 4 12 11 30 23 5 13
31 8 2 5 8 16 7 24 9 10
14 5 6 9 6 17 12 7 12 1
# New job
2 1 20 4 29 11 2 19 19 15
11 5 2 13 19 15 4 9 16 26
3 13 8 6 14 6 8 5 10 7
8 3 3 19 14 13 6 3 13 3
19 2 8 17 26 1 8 9 9 13
# New job
20 8 5 19 17 5 29 15 1 10
20 19 2 18 12 12 14 29 10 1
24 6 14 10 4 15 1 13 19 11
2 7 3 26 45 12 10 13 20 8
2 10 10 12 7 2 10 13 11 10
# New job
15 18 7 3 26 16 18 12 1 12
3 9 13 2 22 27 13 13 14 12
14 7 4 2 8 1 28 2 8 2
18 5 3 16 41 34 2 4 5 12
4 12 11 8 29 19 30 7 16 5
# New job
10 12 7 25 16 5 1 14 3 1
19 9 1 20 29 5 4 3 1 15
1 7 4 19 9 19 18 2 41 5
14 9 2 13 19 14 9 1 4 2
11 11 14 2 6 4 6 10 4 5
# New job
13 6 5 8 8 7 5 3 5 16
19 12 2 6 5 13 3 25 20 3
10 3 6 8 4 15 4 5 6 27
33 7 11 9 11 8 9 3 9 5
9 19 6 2 17 3 21 18 4 9
# New job
4 20 5 9 11 9 2 6 10 17
6 2 13 5 1 1 8 26 8 14
11 14 11 26 1 4 6 3 16 9
14 19 11 10 5 15 9 5 13 6
30 1 1 18 6 9 32 24 22 11
# New job
10 7 3 13 9 2 5 8 14 8
7 1 16 6 10 1 18 11 2 16
4 16 2 9 3 26 10 4 18 9
12 2 6 15 15 12 12 1 6 26
9 5 4 14 16 2 2 18 9 26
# New job
10 11 20 12 3 26 13 3 9 3
22 1 13 2 10 9 5 21 18 18
9 7 1 6 21 6 4 4 16 1
5 14 4 10 12 16 5 13 4 17
14 5 24 6 3 5 3 4 6 4
# New job
17 13 10 7 14 7 18 16 20 20
21 14 23 19 9 9 6 6 3 2
7 3 29 30 7 16 20 14 7 2
24 34 18 7 10 16 6 7 8 4
2 4 21 8 12 7 11 10 17 6
# New job
16 11 10 9 19 10 24 31 26 7
12 14 15 19 17 29 14 11 4 6
11 4 13 20 8 13 19 11 3 1
1 17 5 1 17 11 9 12 8 5
4 12 3 5 5 13 15 7 5 3
# New job
21 2 6 11 14 9 4 16 11 21
2 18 6 9 10 9 21 16 11 4
22 12 6 3 2 7 6 3 16 7
18 22 8 23 2 14 11 19 14 22
7 38 13 4 2 6 19 8 1 1
# New job
4 14 20 9 31 21 10 9 2 7
2 10 12 13 12 9 21 6 15 14
8 5 4 45 10 7 23 2 13 13
12 3 14 32 9 1 3 8 5 1
18 12 4 10 8 1 18 13 26 10
# New job
9 3 13 12 13 28 8 8 12 26
1 6 15 13 20 32 4 24 10 13
2 17 13 6 11 21 2 25 6 9
4 6 10 11 5 21 14 10 18 14
1 17 6 21 12 8 11 4 10 8
# New job
12 5 7 5 4 17 9 5 13 12
5 3 7 5 26 4 24 32 15 24
5 12 13 18 16 4 1 2 14 11
1 10 30 18 8 10 4 3 9 2
9 35 22 12 8 18 10 1 8 14
# New job
10 10 6 10 1 7 7 15 7 14
3 9 2 1 3 8 5 13 14 21
5 3 10 1 11 2 20 9 17 15
2 1 16 18 31 3 10 8 20 3
10 30 5 5 2 14 4 26 21 16
# New job
32 2 26 5 22 11 9 9 9 12
6 9 21 2 3 20 25 22 2 8
18 1 20 8 18 32 2 8 4 3
13 9 23 11 10 8 27 9 11 5
24 17 12 5 18 31 32 27 22 1
# New job
13 1 25 10 11 5 4 4 4 14
10 11 9 11 3 1 7 4 15 7
2 15 13 24 16 17 7 17 15 11
24 3 7 6 10 11 12 2 13 20
15 12 10 22 12 24 28 11 3 24
# New job
10 22 2 16 11 2 6 12 10 18
2 18 22 29 5 19 9 10 11 4
20 3 8 17 3 3 12 1 23 9
1 16 13 28 7 2 7 28 7 11
4 7 8 13 16 4 19 19 1 6
# New job
4 28 5 8 28 9 8 8 4 15
7 20 1 14 6 24 30 14 23 21
1 5 1 23 9 6 7 3 15 18
25 15 10 2 24 15 4 22 4 13
17 3 8 21 4 28 9 2 9 24
# New job
15 7 6 2 3 14 11 6 34 1
14 5 13 9 12 11 2 4 5 21
2 16 7 23 21 14 10 6 13 37
1 17 30 8 6 12 12 3 9 6
4 1 10 17 29 2 19 4 9 6
# New job
16 6 2 4 4 1 2 24 8 6
13 17 4 13 3 23 1 10 15 17
7 21 8 23 14 2 8 10 18 14
9 12 3 12 9 10 16 1 13 12
1 5 14 3 20 5 10 9 2 2
# New job
27 11 4 7 2 1 1 21 10 3
19 5 24 17 15 5 13 3 5 9
4 6 4 13 6 4 31 27 25 2
14 7 18 6 8 4 4 12 5 7
1 2 11 1 7 7 26 11 4 11
# New job
3 8 25 4 7 1 27 19 12 1
1 9 8 2 5 18 3 25 20 18
2 13 6 7 20 14 3 8 18 4
7 12 5 31 5 13 12 5 3 14
1 1 13 3 2 21 12 19 17 12
# New job
11 19 5 12 32 10 1 1 12 18
20 5 4 20 7 6 10 9 7 6
17 9 12 16 8 4 7 4 7 10
29 46 2 33 4 2 8 25 5 10
7 21 8 5 2 12 15 5 13 5
# New job
1 15 18 4 17 25 2 14 3 9
23 2 11 12 31 8 23 20 3 11
26 11 10 10 3 7 6 3 20 37
1 6 18 20 11 6 2 2 20 11
11 7 8 15 15 13 10 4 14 5
# New job
3 1 19 3 13 1 4 7 10 3
7 2 2 14 9 9 25 15 9 6
7 14 19 22 2 3 6 5 15 2
11 8 2 17 8 9 17 20 11 3
16 4 20 10 29 7 7 2 3 28
# New job
38 3 15 11 5 11 16 27 22 8
3 5 11 1 9 6 6 14 11 22
24 9 16 5 3 29 5 9 5 34
4 16 3 3 5 12 1 8 1 4
7 16 16 16 5 5 21 2 21 1
# New job
13 3 4 2 15 1 21 1 16 12
9 2 18 1 24 10 16 21 19 6
9 19 12 7 8 16 7 37 18 17
14 12 15 6 22 3 18 15 22 14
8 17 6 30 8 3 30 9 5 8
# New job
4 7 16 6 21 14 22 16 11 8
5 5 4 7 7 15 10 2 3 11
18 3 3 10 3 16 18 16 12 24
1 7 6 18 7 6 5 22 31 10
25 5 14 9 5 13 17 9 14 14
# New job
37 18 17 20 7 15 23 31 12 19
7 14 9 42 27 9 16 25 30 24
19 15 8 3 1 2 16 3 14 10
8 13 2 19 10 4 4 4 6 11
23 10 20 7 4 4 5 19 3 1
# New job
8 10 2 11 27 5 8 14 2 7
10 5 8 3 7 14 2 6 14 33
17 6 5 1 3 19 10 9 33 2
13 17 47 6 5 2 7 6 15 8
6 16 14 9 5 15 6 4 23 8
# New job
1 9 8 21 30 13 12 26 3 4
2 25 2 3 8 10 38 8 30 8
2 13 6 8 8 8 26 8 15 12
8 6 17 7 13 3 5 26 3 4
9 8 9 10 10 25 10 12 23 2
# New job
17 11 14 6 12 1 10 11 12 20
10 10 1 6 6 17 33 8 15 9
18 12 12 8 3 13 6 8 1 32
5 19 4 13 13 17 14 11 9 11
23 16 12 21 4 24 1 12 1 3
# New job
17 22 19 3 11 7 22 6 7 2
6 17 7 26 2 19 14 2 16 11
7 20 4 14 1 12 8 8 10 17
16 9 5 4 4 23 2 4 9 1
1 33 9 19 8 20 5 11 16 5
# New job
4 4 10 28 1 1 9 10 6 10
11 10 6 11 16 4 3 9 13 7
13 16 6 1 5 14 3 22 4 21
18 1 20 3 6 10 20 20 6 13
21 33 9 10 5 3 4 11 24 2
# New job
10 12 9 3 24 2 16 27 32 7
16 21 20 8 5 8 7 13 17 5
4 10 6 13 19 5 12 3 7 12
9 18 4 9 2 16 12 12 7 11
9 11 6 6 18 33 14 29 6 2
# New job
7 10 7 29 15 9 18 1 3 3
2 21 18 24 14 10 23 8 8 30
36 1 2 22 12 2 1 26 14 7
7 2 1 17 14 7 4 9 6 2
1 6 2 33 23 1 19 15 4 1
# New job
