# Job size: 50, Route size 5, Operation size 10 
# Machine size: 10
1 19 6 13 7 6 4 5 23 1
1 14 3 9 2 17 12 14 6 1
33 13 12 11 17 8 1 12 22 26
7 6 2 2 40 3 4 2 9 14
39 22 3 6 15 15 14 31 4 16
# New job
11 4 1 13 19 25 1 23 16 17
7 27 5 21 2 9 4 7 8 3
21 23 20 15 19 1 9 20 7 29
4 3 6 9 8 9 5 6 15 12
17 4 27 18 8 39 3 8 6 16
# New job
6 6 8 7 15 9 6 12 25 12
10 10 5 2 4 21 14 32 4 29
9 21 5 4 23 15 17 5 3 16
13 14 12 7 7 14 7 3 2 15
38 6 24 4 46 1 4 20 7 4
# New job
11 1 3 11 8 25 7 17 15 18
13 1 4 22 17 11 3 16 9 18
2 7 17 2 6 19 22 2 18 7
12 8 25 19 11 10 6 5 15 14
4 9 5 19 13 5 10 9 27 13
# New job
8 18 30 9 9 18 8 37 25 2
8 7 11 5 6 15 23 3 6 12
10 4 5 19 2 7 14 7 9 10
4 10 8 6 47 22 1 2 1 17
7 17 1 2 18 11 7 25 3 13
# New job
5 4 7 13 11 10 9 4 9 6
29 1 5 6 12 35 16 7 14 8
20 12 8 4 15 15 3 21 1 13
9 21 6 9 4 11 3 6 13 19
6 8 2 17 10 5 12 12 6 2
# New job
15 2 3 8 2 12 8 24 28 18
20 2 10 8 17 20 17 23 21 18
9 7 13 1 13 9 6 31 7 11
19 4 22 15 2 1 16 24 15 10
26 8 8 5 2 12 13 1 8 10
# New job
15 23 18 1 7 16 10 8 4 3
9 3 3 13 25 13 9 1 8 1
8 1 12 18 5 8 8 8 15 21
4 9 17 7 8 16 10 5 22 3
24 11 4 10 20 22 29 16 16 3
# New job
13 9 2 2 21 9 28 25 5 26
7 1 10 4 6 12 18 7 1 2
22 14 7 1 10 22 5 9 24 13
11 10 22 1 12 7 13 18 17 9
1 11 5 11 12 12 4 2 5 22
# New job
3 6 7 19 10 6 5 12 1 8
5 13 6 7 12 2 9 19 11 6
2 11 4 3 16 7 4 9 8 4
2 2 1 4 3 13 13 6 7 24
9 14 10 3 15 12 8 5 26 8
# New job
3 4 10 14 1 1 12 1 7 3
8 6 10 2 6 14 9 20 15 10
14 2 10 7 18 8 5 9 11 3
8 1 31 15 19 20 20 26 22 25
16 5 16 16 3 22 16 8 8 18
# New job
9 14 4 2 34 18 23 5 8 9
6 5 13 16 8 6 7 1 12 3
8 1 16 16 15 18 9 22 7 9
1 19 6 8 5 9 8 12 7 16
4 21 11 12 4 15 12 1 21 10
# New job
1 6 28 7 14 11 21 20 5 7
19 10 11 5 3 1 32 26 1 12
12 10 6 7 2 18 8 14 6 7
17 9 11 20 10 34 7 8 13 14
6 5 15 2 3 5 16 8 11 2
# New job
4 17 10 11 1 6 13 25 2 13
8 15 4 21 11 25 14 7 10 6
7 28 14 15 5 1 14 21 20 3
22 17 7 21 2 1 8 14 21 3
2 13 5 16 20 6 16 8 23 14
# New job
8 15 6 12 13 24 5 18 18 4
14 36 20 1 26 3 10 12 5 11
14 5 22 26 1 14 7 20 8 3
17 18 26 24 12 12 11 9 7 13
1 2 9 4 17 12 7 3 11 14
# New job
9 4 30 8 5 17 3 14 12 35
14 6 3 7 17 14 9 9 18 3
16 17 10 2 8 6 6 7 6 16
8 1 16 1 17 15 21 5 15 14
5 15 5 4 3 11 9 12 4 13
# New job
16 16 18 7 3 2 12 3 10 20
3 12 10 1 7 10 14 8 1 8
2 24 18 8 27 12 20 2 14 30
2 23 4 34 8 4 9 5 48 21
14 14 3 14 6 4 17 13 23 14
# New job
9 10 2 1 2 23 17 25 18 2
4 4 12 29 31 11 4 27 5 6
9 11 8 2 16 15 14 7 17 18
5 13 4 21 2 6 2 4 25 29
1 12 9 15 7 10 26 4 4 4
# New job
26 17 9 6 13 2 19 27 18 9
29 27 1 4 6 4 2 18 13 15
1 1 2 25 10 2 5 16 3 2
5 7 13 3 29 28 17 7 2 21
19 6 5 1 21 5 16 10 4 10
# New job
4 8 4 13 41 3 7 11 3 11
3 6 6 12 27 3 1 7 35 42
20 2 2 1 18 11 19 25 2 28
12 12 7 2 2 12 8 15 2 6
8 6 14 10 10 4 16 8 24 2
# New job
12 7 9 11 25 5 9 12 6 3
3 14 6 6 11 20 18 2 13 12
13 1 5 11 7 17 2 2 6 10
12 12 3 27 1 12 2 20 4 12
22 8 16 9 14 11 1 14 3 7
# New job
6 6 6 2 19 30 1 28 8 6
23 20 21 16 6 6 16 12 21 26
17 33 12 10 10 7 4 12 8 17
12 14 3 14 12 9 11 16 18 18
1 26 4 16 8 25 5 3 11 17
# New job
20 7 6 2 9 15 2 1 4 18
13 2 15 30 4 3 1 8 13 8
5 8 6 3 4 9 13 5 17 2
13 10 3 1 13 15 14 14 5 30
15 24 12 3 7 14 13 10 4 22
# New job
5 17 20 3 5 7 1 3 15 3
5 23 18 17 7 5 6 12 13 19
4 6 2 7 17 7 17 12 1 2
9 6 1 3 9 15 1 18 3 12
21 3 2 1 11 31 1 9 4 11
# New job
20 9 4 18 8 14 1 4 13 4
19 9 9 15 4 11 17 4 11 2
17 14 3 8 3 13 1 4 22 26
9 8 3 15 20 8 3 11 6 21
20 7 6 7 6 6 6 11 18 31
# New job
17 20 19 2 5 28 6 7 7 19
3 12 20 16 23 25 28 2 8 7
7 12 14 25 6 3 1 38 11 9
20 10 5 10 1 7 16 1 6 5
30 7 3 8 5 2 13 15 14 18
# New job
18 4 9 16 16 4 6 21 13 5
23 3 21 29 13 18 6 2 7 24
32 7 17 12 4 11 19 8 6 10
2 3 7 17 15 21 19 13 3 15
21 19 21 33 2 2 20 3 3 4
# New job
11 10 4 20 7 4 23 23 11 5
13 5 21 5 2 12 7 3 15 2
3 19 5 18 25 4 10 6 10 18
21 10 1 5 13 18 2 15 11 11
6 35 7 7 28 6 10 11 18 13
# New job
2 15 6 21 21 4 16 14 10 23
21 17 13 22 14 1 2 20 5 6
5 6 12 13 15 2 8 11 4 22
24 6 1 19 4 17 2 5 14 28
3 10 2 2 7 37 3 23 3 27
# New job
20 2 10 4 15 27 23 1 33 1
2 17 25 6 7 10 12 2 5 8
3 7 12 13 6 2 6 13 2 2
9 6 7 32 9 12 8 17 16 4
6 14 32 10 18 13 5 5 3 10
# New job
4 1 23 7 9 9 38 22 5 34
28 21 18 10 35 16 23 7 1 2
4 11 19 9 1 14 10 29 17 24
3 9 11 19 7 33 4 10 11 8
16 4 24 7 7 1 19 37 8 2
# New job
13 10 21 12 18 31 9 30 18 8
9 5 7 6 7 6 8 5 9 34
22 5 6 32 13 7 16 1 4 4
6 6 4 15 3 3 2 1 2 26
19 3 34 23 3 9 3 16 8 27
# New job
11 28 20 7 10 7 15 6 8 9
9 1 25 3 4 12 3 18 4 5
17 8 1 9 19 16 13 15 2 12
22 15 9 5 1 11 13 1 18 9
15 2 3 1 4 6 10 9 10 10
# New job
8 16 7 18 16 9 3 23 18 9
12 17 13 5 14 15 4 16 18 15
9 1 15 13 2 7 5 13 6 10
1 15 3 18 14 8 17 13 4 28
5 1 25 3 13 13 18 4 12 34
# New job
10 18 2 1 11 14 22 12 3 13
31 17 18 11 24 30 4 3 23 20
5 6 8 14 3 8 28 20 6 21
16 2 17 8 4 22 7 25 2 10
1 25 5 14 16 3 9 4 14 11
# New job
9 5 7 23 14 14 20 29 3 6
19 6 21 11 1 2 2 12 5 8
4 21 15 1 13 19 4 21 1 15
1 8 6 2 17 2 13 7 35 9
17 9 8 15 20 14 5 14 6 10
# New job
4 1 1 14 5 14 18 23 1 17
11 7 28 6 22 7 17 14 19 3
13 19 6 4 14 7 1 4 19 27
20 2 22 16 20 5 13 25 1 13
3 7 11 5 6 2 7 10 10 13
# New job
1 12 15 18 7 10 5 37 8 17
4 18 29 10 9 17 20 4 10 4
8 3 8 19 9 6 5 26 8 7
6 18 12 7 19 28 7 18 15 11
13 11 14 13 5 14 17 2 2 4
# New job
29 11 3 6 1 4 12 12 3 5
16 15 15 1 5 21 11 8 1 12
7 21 7 8 11 19 10 15 27 18
16 16 2 8 5 36 7 4 15 7
18 27 6 12 12 9 6 4 11 7
# New job
1 24 10 14 3 9 3 4 5 7
15 17 9 28 11 10 4 1 3 5
3 10 12 12 5 8 10 7 5 1
12 8 3 22 10 38 13 1 18 10
8 5 3 3 27 33 3 16 10 2
# New job
22 5 6 24 14 16 10 14 19 14
24 6 13 14 24 29 2 7 18 11
13 3 15 10 19 4 2 4 2 12
5 4 18 7 24 2 27 19 7 6
6 5 7 15 11 15 23 24 13 7
# New job
12 9 15 26 21 13 1 8 25 6
3 14 15 7 3 7 13 1 24 24
12 4 5 16 26 4 5 7 22 7
6 9 17 7 24 24 3 21 22 10
3 1 8 3 11 20 1 16 6 4
# New job
24 3 6 11 3 6 5 16 8 7
9 20 14 16 4 8 2 17 3 12
4 7 5 29 6 20 5 14 1 15
4 3 18 22 27 9 10 22 7 6
5 13 11 14 27 1 17 11 17 10
# New job
26 19 11 32 4 3 7 31 3 11
10 10 1 8 11 32 15 24 24 17
2 6 11 21 14 2 9 18 9 6
10 2 8 10 35 26 23 20 4 5
16 4 3 2 4 36 4 7 11 19
# New job
34 8 9 12 3 3 36 10 23 1
4 18 9 19 14 9 12 7 4 2
24 5 16 6 4 6 9 7 11 1
15 4 2 1 22 9 23 11 42 21
6 6 3 12 3 20 13 8 2 13
# New job
16 6 3 18 25 14 21 6 8 4
8 5 18 23 4 16 21 7 11 14
9 18 8 2 3 27 3 12 9 21
6 5 20 4 3 2 16 5 12 1
19 10 8 22 15 26 11 2 14 2
# New job
7 1 8 14 2 13 13 13 7 26
15 7 9 7 2 13 2 3 12 20
15 18 11 1 5 6 21 6 9 23
5 3 17 14 17 18 7 1 12 5
9 29 28 9 24 1 12 12 2 11
# New job
3 18 4 8 16 1 9 8 16 3
8 9 3 7 18 7 12 7 4 13
7 17 2 7 1 13 11 12 28 4
6 23 21 1 19 7 8 2 6 16
1 24 7 14 1 9 19 10 18 26
# New job
16 24 11 22 13 11 13 13 3 25
10 4 1 12 4 6 28 17 11 17
12 1 15 24 7 22 4 10 6 1
1 4 2 15 15 3 21 19 4 14
22 4 18 3 1 10 4 5 17 13
# New job
45 2 31 9 1 36 16 4 27 1
21 13 19 16 4 13 10 3 13 8
5 24 11 9 4 14 13 29 11 17
11 5 3 2 18 20 8 1 1 1
36 4 2 9 15 4 12 11 6 3
# New job
