# Job size: 175, Route size 3, Operation size 10 
# Machine size: 35
21 10 11 8 2 13 10 10 3 15
16 10 16 38 19 22 7 4 17 2
13 16 14 2 1 7 27 10 12 13
# New job
12 8 16 8 2 1 18 20 14 21
36 17 14 23 9 3 1 13 11 11
13 17 27 11 1 28 2 4 12 9
# New job
2 1 25 10 2 4 22 21 28 18
8 13 7 17 9 7 18 5 10 33
4 12 10 28 22 6 3 22 19 10
# New job
22 29 3 7 3 35 26 7 26 27
15 15 45 9 19 4 4 8 11 9
16 15 15 13 10 7 17 30 29 30
# New job
2 11 16 8 13 16 11 13 9 13
4 10 8 3 3 11 27 24 5 6
9 14 15 2 9 16 23 6 1 19
# New job
6 13 16 8 1 11 6 2 6 19
6 11 1 3 18 2 5 11 1 4
24 12 13 2 12 2 5 11 7 10
# New job
30 7 7 18 15 6 7 8 21 7
16 12 1 4 10 19 2 17 3 3
1 18 8 18 17 8 23 4 8 1
# New job
10 10 11 28 10 1 18 12 10 20
5 1 7 3 6 10 19 7 7 3
14 6 9 20 22 5 13 7 4 17
# New job
10 1 8 5 13 13 5 7 5 8
1 9 13 2 5 7 13 6 12 17
9 9 23 15 17 12 17 1 3 2
# New job
2 4 17 2 13 1 10 6 23 3
8 4 1 14 11 12 18 9 29 2
10 4 24 5 2 16 14 21 31 4
# New job
7 21 8 3 21 10 8 27 15 29
21 1 7 10 13 25 21 12 11 20
6 8 9 2 28 17 17 14 19 11
# New job
6 10 1 15 3 4 10 13 14 7
8 26 2 5 21 21 30 26 1 12
3 12 2 21 22 8 2 6 5 12
# New job
11 20 6 15 4 25 6 1 3 2
10 2 22 3 3 12 7 4 7 5
21 3 15 27 22 16 15 2 4 9
# New job
4 1 8 4 24 3 5 9 8 3
3 24 14 11 18 24 12 8 5 7
10 2 6 5 10 11 28 1 11 16
# New job
5 13 2 13 13 24 21 3 2 3
10 3 15 6 9 5 8 8 9 36
15 6 6 14 10 3 23 4 2 2
# New job
31 20 7 3 3 4 24 19 8 11
8 22 6 4 14 10 8 23 4 1
2 12 8 16 14 15 17 2 13 1
# New job
9 1 2 30 3 10 22 18 17 9
25 2 1 18 14 15 14 31 19 9
2 41 9 3 10 38 1 2 9 21
# New job
8 9 11 7 6 13 12 8 30 2
4 2 28 15 14 23 5 11 4 5
8 5 1 3 5 5 25 3 10 3
# New job
12 3 26 10 11 10 20 15 9 6
2 6 9 4 20 11 29 9 14 13
14 10 18 1 6 1 23 8 4 9
# New job
23 2 15 9 16 25 20 16 9 9
13 18 5 21 13 15 15 2 26 31
4 6 11 2 13 3 9 8 10 13
# New job
6 4 7 27 6 30 12 7 18 5
7 9 11 19 10 12 17 7 10 7
23 3 20 8 1 15 7 4 7 8
# New job
8 23 3 9 29 25 3 13 4 8
17 9 20 30 13 9 16 16 13 18
7 5 7 3 1 14 19 7 8 7
# New job
4 10 18 5 15 12 20 9 5 2
6 19 17 2 1 9 20 7 15 13
3 8 20 6 8 13 7 15 1 9
# New job
5 1 1 1 1 5 14 1 4 1
1 1 4 6 4 15 4 28 6 10
3 5 20 7 12 10 12 12 18 1
# New job
2 8 1 6 11 14 2 10 14 6
7 22 6 3 4 12 12 3 14 5
7 4 7 21 13 5 13 7 3 10
# New job
21 12 7 8 5 37 20 21 4 20
18 12 12 6 11 13 5 1 17 1
19 12 33 9 3 3 2 25 1 17
# New job
8 7 2 7 12 14 6 30 12 16
4 18 3 15 4 28 9 1 13 14
7 8 19 14 13 29 3 1 16 29
# New job
5 17 19 1 11 23 12 1 9 12
8 26 8 1 11 27 9 2 1 8
7 20 17 2 14 19 9 14 8 13
# New job
33 6 18 1 3 17 5 15 11 35
10 4 9 13 17 14 2 10 6 7
20 2 5 8 2 10 8 22 13 24
# New job
10 4 9 9 25 8 4 4 11 4
2 8 1 1 12 17 17 5 7 10
2 9 15 2 3 20 8 7 9 19
# New job
13 9 5 20 3 14 5 23 13 7
1 2 15 7 8 15 13 5 9 6
15 7 6 25 2 1 14 3 5 2
# New job
16 7 43 7 31 5 11 7 1 29
17 24 4 6 5 15 6 24 9 11
24 28 22 4 17 15 11 9 30 4
# New job
4 2 1 5 14 2 4 3 2 3
8 5 15 4 7 10 21 6 4 12
7 14 8 9 11 3 4 17 11 5
# New job
16 7 16 5 2 21 11 7 4 3
12 4 21 8 10 24 19 10 10 13
14 7 10 3 1 9 10 1 11 2
# New job
7 2 2 3 14 7 10 3 22 4
8 34 12 15 2 10 27 18 7 24
8 12 9 15 22 19 9 6 15 10
# New job
1 5 9 1 13 11 1 19 10 16
24 9 17 17 11 5 14 19 15 13
11 18 9 8 6 16 5 40 16 9
# New job
3 23 22 14 10 20 10 18 8 10
2 22 16 2 35 6 17 4 4 12
8 4 2 20 30 1 6 3 6 12
# New job
19 16 2 11 2 12 9 19 8 4
16 3 14 12 3 19 4 1 3 2
10 14 1 13 18 28 7 4 27 7
# New job
22 21 1 5 17 13 15 10 8 10
4 2 1 14 20 1 3 6 22 6
1 5 3 7 13 9 23 18 14 4
# New job
17 17 1 3 6 12 18 13 1 21
13 6 10 6 2 25 2 8 4 1
1 2 8 5 23 12 4 2 5 9
# New job
13 13 19 5 11 20 17 28 23 8
19 22 12 32 6 14 8 1 5 6
5 11 4 2 5 6 9 15 1 5
# New job
6 15 14 18 17 11 6 11 12 18
8 1 3 14 9 2 2 6 11 9
7 21 14 2 20 10 4 21 2 4
# New job
7 5 16 16 11 3 14 32 11 11
10 3 11 5 16 21 10 24 30 15
4 39 42 21 17 2 14 4 2 3
# New job
3 10 6 3 29 26 12 8 13 23
17 25 3 10 9 15 26 18 5 23
33 7 2 4 6 5 8 1 21 22
# New job
7 7 1 48 18 17 23 20 8 4
1 4 1 3 5 11 19 22 14 17
14 4 6 30 18 12 36 11 5 9
# New job
27 17 9 17 5 17 14 9 9 2
18 12 6 17 4 29 8 4 21 28
4 5 16 7 1 2 13 5 10 22
# New job
11 4 13 19 18 3 6 15 7 3
5 20 9 2 9 8 1 2 9 16
6 5 4 19 9 13 7 1 2 12
# New job
11 9 15 6 27 13 11 31 2 24
9 20 7 2 11 27 7 8 5 6
14 9 19 3 8 11 7 4 34 7
# New job
17 5 6 12 16 8 7 8 1 3
34 18 12 3 6 10 1 1 11 1
16 23 27 21 3 3 14 24 28 17
# New job
6 11 23 7 2 19 9 9 19 10
3 12 14 1 17 13 2 13 10 14
10 7 12 19 6 8 8 2 21 6
# New job
15 17 9 2 4 9 9 23 16 3
16 15 8 18 7 21 1 5 23 2
13 1 2 4 8 15 22 15 13 13
# New job
7 3 2 1 26 24 4 1 9 16
13 7 8 14 5 11 1 24 1 18
13 11 16 24 2 6 24 15 12 14
# New job
15 3 24 5 24 6 9 10 1 9
6 13 4 17 12 22 6 4 15 2
7 16 7 16 6 22 19 18 4 1
# New job
9 1 9 2 6 3 2 10 37 7
27 18 7 16 3 13 3 9 10 3
22 6 14 23 1 8 6 17 6 2
# New job
4 28 8 14 19 2 2 12 3 9
13 10 20 13 39 5 2 23 1 16
10 13 20 11 8 19 2 1 2 13
# New job
14 13 9 19 4 12 9 1 14 11
29 1 11 28 7 1 14 7 17 3
2 3 13 12 18 3 36 2 5 6
# New job
1 14 3 8 19 10 12 22 17 10
4 15 1 28 8 15 16 20 19 15
13 9 2 9 28 7 8 15 15 17
# New job
5 6 12 7 6 16 27 13 26 26
7 2 10 15 9 1 10 1 28 11
4 20 4 1 22 20 10 12 11 15
# New job
25 17 1 28 13 7 1 8 3 5
31 11 9 16 30 11 12 2 10 18
26 3 2 25 20 3 13 20 6 9
# New job
3 13 4 5 3 4 10 7 7 12
8 1 19 7 14 7 20 35 2 23
4 8 16 6 19 15 3 9 11 7
# New job
12 4 12 8 6 2 3 7 7 8
7 21 12 11 19 21 2 2 13 17
5 10 10 4 14 15 5 10 9 13
# New job
1 1 12 6 10 23 11 4 11 12
26 11 19 16 5 21 3 12 7 15
4 1 8 9 11 2 14 27 31 16
# New job
18 4 1 13 8 5 2 18 14 4
11 22 9 4 4 4 12 27 8 23
14 9 1 10 34 9 21 7 8 1
# New job
19 16 27 7 18 2 18 16 17 6
2 13 22 10 6 17 12 8 4 19
4 2 16 18 5 3 8 8 17 6
# New job
10 9 25 17 6 17 2 7 20 5
19 9 10 19 5 5 5 1 27 7
4 13 8 11 1 4 12 16 3 3
# New job
18 15 7 12 1 6 24 6 13 6
4 10 10 22 16 23 5 19 11 9
1 26 9 8 6 8 22 3 11 11
# New job
18 12 9 19 17 4 17 3 5 14
24 14 5 6 2 10 16 33 4 25
15 36 14 25 8 8 21 5 2 12
# New job
36 17 28 7 25 31 3 27 28 7
13 17 6 8 20 17 2 14 4 4
10 14 8 16 3 2 9 21 13 5
# New job
16 17 19 7 9 17 4 12 1 17
13 4 3 21 1 20 2 2 37 9
2 11 3 1 9 8 2 13 2 1
# New job
17 37 8 12 6 29 6 1 3 6
6 6 2 28 10 22 1 38 12 2
4 18 8 6 6 3 18 5 6 26
# New job
15 3 3 9 7 23 6 9 2 7
17 3 16 11 17 10 14 3 20 12
10 26 4 1 4 4 13 5 4 11
# New job
5 23 23 26 24 23 15 2 15 21
2 9 21 7 13 8 11 6 2 12
27 14 13 21 2 5 8 6 7 10
# New job
15 5 9 5 11 27 12 14 7 17
26 6 27 1 11 8 5 14 16 6
11 27 11 4 3 26 3 15 21 13
# New job
18 19 15 27 21 15 7 11 11 11
26 1 7 6 16 8 3 20 3 1
14 2 8 13 7 15 11 6 5 11
# New job
22 3 3 5 3 7 7 28 11 16
31 5 16 14 8 6 9 8 21 6
10 19 1 23 5 1 6 18 10 4
# New job
8 8 16 21 6 13 10 15 34 14
11 19 2 6 10 2 17 17 23 5
3 14 21 4 15 10 13 13 15 2
# New job
2 28 14 19 3 23 12 1 14 10
4 8 11 21 8 32 2 14 25 18
18 22 23 7 13 20 11 3 10 9
# New job
11 3 4 11 14 28 4 5 4 16
8 8 8 3 7 4 8 7 15 8
7 31 8 1 17 12 6 16 19 4
# New job
12 13 11 10 23 25 5 15 2 4
15 17 18 4 3 12 5 28 21 2
11 12 7 4 5 7 13 19 14 18
# New job
8 20 14 6 4 26 27 9 11 1
9 16 14 19 2 14 27 18 3 8
12 20 19 2 8 12 1 7 10 20
# New job
8 8 34 10 4 16 8 12 3 22
2 8 12 26 3 2 13 12 35 1
10 6 2 20 1 2 20 18 4 2
# New job
12 2 16 7 7 16 7 8 8 28
14 13 10 15 17 3 16 22 13 5
5 14 6 5 5 1 16 6 7 3
# New job
4 7 25 2 11 16 4 13 20 13
10 3 7 13 19 11 1 40 6 16
18 4 4 5 14 3 8 1 28 6
# New job
2 16 20 11 9 17 11 12 2 3
12 10 3 5 27 23 23 18 12 18
9 5 9 16 4 4 1 10 1 12
# New job
6 13 16 17 3 46 2 4 20 3
4 21 15 3 13 21 4 4 13 22
15 17 7 6 5 7 27 6 5 13
# New job
13 13 18 3 1 2 4 9 14 16
21 7 1 9 29 6 3 11 6 12
4 11 17 5 7 15 11 15 6 10
# New job
1 5 22 11 6 19 17 8 2 11
13 14 3 19 11 17 4 12 26 12
13 24 13 13 2 11 2 2 14 13
# New job
14 4 9 12 13 30 9 13 15 11
26 13 10 7 3 35 15 25 18 13
9 19 13 24 2 15 15 7 10 33
# New job
2 19 7 3 7 11 13 21 18 3
16 22 6 10 16 3 6 16 3 19
3 14 17 3 6 27 39 15 1 10
# New job
12 27 6 19 10 14 20 8 31 8
24 14 18 15 6 18 13 17 12 22
16 12 10 24 20 6 2 9 1 13
# New job
23 4 21 11 13 6 5 5 7 1
12 9 20 12 16 12 4 12 11 34
5 1 3 2 27 3 13 2 11 2
# New job
9 6 22 13 10 8 3 2 37 2
7 11 2 6 17 4 8 3 9 14
18 1 11 3 13 25 11 22 2 12
# New job
4 16 4 6 20 7 7 21 2 5
20 15 26 9 8 18 5 1 7 18
7 14 13 17 11 4 9 3 12 28
# New job
10 30 1 13 25 30 15 5 24 6
14 19 4 9 18 6 24 21 16 1
13 1 1 4 7 7 8 21 5 5
# New job
1 3 13 1 6 12 2 23 17 16
8 10 11 3 10 9 3 13 7 5
8 1 10 9 7 7 1 20 21 7
# New job
16 8 25 18 6 11 8 31 11 1
6 9 1 18 20 31 36 12 3 7
2 18 15 17 24 28 5 4 16 12
# New job
5 23 2 2 8 26 18 26 9 4
6 10 10 12 11 20 23 8 6 16
16 1 2 4 17 9 10 1 9 19
# New job
11 26 6 12 11 7 2 8 3 21
14 13 5 10 7 2 7 13 6 15
9 12 4 1 20 19 7 27 12 2
# New job
3 2 7 17 13 12 1 6 3 8
9 17 9 8 26 9 11 11 12 2
40 15 8 16 39 17 5 6 10 24
# New job
24 41 4 13 12 17 19 5 9 4
2 3 14 12 11 8 25 14 11 13
2 13 2 8 25 19 14 8 33 6
# New job
12 9 17 14 5 11 2 13 1 12
2 5 19 20 5 13 1 20 9 10
3 22 9 2 9 1 13 3 8 18
# New job
2 6 10 7 6 18 7 1 10 9
8 20 23 9 2 17 24 1 9 17
14 13 6 9 26 6 1 15 20 1
# New job
21 9 8 9 18 12 9 8 9 2
9 6 17 8 4 4 10 20 7 3
12 5 17 3 6 3 1 7 8 4
# New job
24 13 2 4 19 6 4 11 15 6
14 3 9 12 2 12 8 23 1 2
5 9 16 3 24 6 7 7 10 4
# New job
15 2 14 12 3 5 17 8 20 4
3 18 2 23 9 6 2 1 3 24
1 29 5 7 23 17 18 9 8 16
# New job
15 4 8 18 24 22 10 13 8 3
8 22 18 7 14 33 33 14 15 15
4 11 12 4 5 25 19 17 5 26
# New job
3 1 35 9 4 15 29 14 20 26
15 9 14 21 10 12 15 6 21 6
7 7 7 15 12 13 6 2 14 6
# New job
12 4 5 39 5 8 4 3 14 14
8 7 2 8 9 17 16 13 13 14
29 3 5 12 18 1 11 4 10 32
# New job
1 8 21 9 2 8 1 42 5 6
30 5 4 6 8 4 3 11 8 24
4 5 6 6 1 7 8 15 11 13
# New job
1 18 6 26 29 9 13 12 2 14
15 30 21 7 8 3 18 12 8 23
7 22 1 16 12 26 2 19 19 6
# New job
11 40 2 1 22 31 4 16 5 3
26 9 11 10 14 4 10 16 3 23
10 1 20 2 12 34 12 10 6 4
# New job
20 9 10 10 3 10 5 8 13 10
9 10 5 1 24 17 12 2 7 31
2 2 26 2 1 4 12 1 11 6
# New job
1 6 4 20 15 18 16 6 16 17
11 19 6 1 12 7 1 7 32 8
4 1 5 21 16 20 17 5 12 6
# New job
4 11 10 3 5 15 13 24 7 5
15 16 4 3 3 8 14 7 6 15
20 15 28 5 12 4 24 10 1 5
# New job
23 11 5 15 8 7 7 11 11 14
5 19 20 6 3 20 19 9 1 5
17 7 16 23 21 6 2 10 12 7
# New job
18 17 8 17 11 9 5 3 12 20
1 24 16 2 24 3 24 3 21 4
6 5 2 12 2 14 8 17 7 24
# New job
17 8 12 10 4 17 10 5 18 6
18 6 8 4 12 2 17 2 5 19
6 8 7 1 20 5 8 7 25 1
# New job
2 19 26 5 19 26 6 27 11 5
3 13 16 2 5 21 25 4 2 13
21 28 1 7 5 16 15 3 6 3
# New job
8 13 8 13 10 25 18 9 7 12
8 27 8 3 2 14 16 8 6 3
3 7 19 17 1 12 3 1 1 22
# New job
5 3 3 11 19 4 2 21 7 12
15 25 6 7 10 20 23 15 6 8
20 18 29 1 4 9 6 23 17 22
# New job
4 18 17 16 12 26 8 7 18 20
12 3 2 3 19 5 15 10 12 9
19 2 15 6 6 1 18 7 26 21
# New job
15 2 12 2 7 27 2 8 15 18
9 19 16 19 17 5 13 2 30 18
22 30 16 7 11 4 14 10 17 18
# New job
1 17 21 4 8 5 16 1 7 10
11 2 7 14 4 28 7 10 6 1
9 4 8 15 15 8 5 13 4 27
# New job
2 2 37 4 30 13 3 12 5 18
32 19 19 2 5 19 18 8 18 26
6 14 2 26 9 17 1 7 10 3
# New job
27 16 14 1 4 4 5 8 23 20
3 19 8 2 7 6 7 20 19 11
15 5 5 20 15 11 15 17 17 13
# New job
11 21 1 5 5 7 2 16 10 15
11 20 21 25 3 16 16 18 21 19
17 8 15 9 15 9 36 5 6 21
# New job
9 37 13 1 3 25 12 35 24 14
3 10 28 10 9 2 5 12 1 12
1 7 12 2 4 5 6 6 4 19
# New job
8 22 11 9 30 20 1 3 11 2
6 15 2 5 12 8 10 5 2 2
28 9 26 8 23 9 12 1 3 19
# New job
10 21 3 16 11 12 33 1 15 6
1 17 2 3 8 5 19 20 9 7
9 7 16 19 15 25 11 12 11 30
# New job
28 5 4 21 9 10 16 7 23 2
5 12 23 6 5 7 16 4 3 9
17 3 3 2 19 12 17 13 1 4
# New job
7 15 1 7 5 6 4 8 14 12
18 4 12 17 27 3 7 2 23 6
10 22 32 4 8 9 6 23 8 20
# New job
13 11 15 24 6 2 21 13 11 7
29 2 16 9 4 23 3 17 2 9
5 11 2 25 6 18 21 12 8 3
# New job
6 1 10 2 18 8 3 6 3 16
18 16 2 17 21 3 35 15 27 19
3 11 1 9 7 4 1 4 6 22
# New job
11 12 19 13 15 1 21 10 4 2
14 7 14 9 3 5 3 11 7 10
5 14 15 2 15 8 11 2 18 19
# New job
1 8 10 15 22 21 2 2 12 6
23 2 21 7 22 27 41 8 9 15
22 12 3 19 16 4 18 15 3 8
# New job
6 6 12 10 1 21 3 1 5 4
18 4 7 9 19 4 19 4 2 28
11 17 29 1 9 8 8 13 6 5
# New job
5 10 3 1 10 16 4 1 9 14
6 6 11 40 4 7 16 7 6 21
21 3 21 23 20 12 14 8 19 12
# New job
3 6 3 4 9 18 11 12 4 3
6 7 16 13 3 3 4 2 17 9
14 11 3 9 11 3 2 12 11 24
# New job
4 10 26 11 1 6 13 1 18 14
9 8 12 16 18 8 19 12 22 12
2 9 4 12 9 10 9 1 9 9
# New job
23 11 24 20 10 2 15 20 14 3
4 11 1 16 15 8 9 11 1 8
22 4 3 3 15 1 14 26 2 11
# New job
10 12 21 5 5 25 14 7 1 4
6 17 10 4 1 12 21 20 6 22
11 13 5 3 9 20 17 12 4 11
# New job
11 17 22 22 6 19 1 3 5 12
7 14 25 15 9 4 8 1 25 24
8 24 3 3 3 22 3 4 9 23
# New job
6 2 8 6 14 1 8 18 9 9
22 13 23 7 1 6 1 1 17 10
7 5 3 3 5 1 15 20 7 17
# New job
7 17 7 15 8 1 5 8 21 9
2 3 7 2 9 12 23 9 9 10
30 17 22 3 10 17 14 8 12 8
# New job
4 5 19 12 3 8 20 17 23 7
16 28 3 8 5 14 3 10 10 24
14 16 2 10 12 18 10 21 7 16
# New job
1 19 16 10 4 7 18 7 6 31
3 19 8 6 2 12 5 2 18 4
2 18 3 13 12 17 17 15 2 4
# New job
15 14 10 6 1 9 14 12 10 1
1 9 1 16 2 17 11 5 7 2
8 11 12 2 13 25 6 17 13 2
# New job
11 1 24 11 12 7 29 15 16 5
13 26 7 4 20 3 8 5 26 1
15 1 6 10 5 8 1 23 10 17
# New job
5 19 4 12 2 12 3 16 11 19
15 11 13 4 9 1 5 19 9 6
14 7 3 10 15 7 4 6 22 4
# New job
5 11 8 4 26 14 16 6 3 23
1 4 9 22 24 7 2 19 19 14
14 21 11 4 29 11 2 13 9 4
# New job
10 19 6 12 9 7 13 23 2 15
5 6 6 19 8 4 23 2 10 19
6 5 10 10 8 21 12 8 8 10
# New job
13 2 9 6 1 11 17 8 4 12
10 18 10 3 5 11 1 3 18 17
13 7 13 14 29 3 5 5 1 9
# New job
6 5 13 1 17 4 4 26 10 12
20 6 8 1 3 4 22 3 6 11
22 4 9 9 5 7 1 23 2 10
# New job
23 13 17 4 25 4 1 11 10 5
19 6 6 9 7 6 14 20 24 9
24 1 7 20 6 2 15 13 12 17
# New job
20 13 3 10 7 17 4 16 5 13
15 8 1 7 12 36 7 10 6 27
6 23 2 14 10 6 1 4 28 4
# New job
2 24 28 25 20 25 13 15 13 20
13 5 10 34 12 1 6 15 8 9
19 7 16 2 4 14 5 3 8 21
# New job
3 17 5 11 1 14 11 13 6 14
21 16 18 7 9 10 15 6 14 8
4 10 22 16 8 5 4 16 18 8
# New job
9 17 13 4 27 3 5 28 12 3
12 17 24 11 9 4 10 13 10 17
15 14 6 13 1 15 35 25 6 1
# New job
18 1 3 2 19 20 5 34 16 6
11 14 15 6 10 23 12 11 20 13
25 8 16 6 6 4 4 8 50 5
# New job
7 4 17 14 6 14 13 15 12 8
11 1 2 37 22 4 2 6 13 7
9 9 17 15 10 13 21 3 5 13
# New job
9 15 1 18 12 8 1 5 12 20
8 12 9 5 3 14 13 4 12 20
10 16 21 13 3 9 3 9 4 5
# New job
11 2 13 14 26 21 6 3 28 16
17 28 1 27 23 3 4 7 14 12
13 1 5 13 15 12 7 3 16 11
# New job
7 32 18 7 17 4 8 3 41 18
5 5 14 15 2 12 11 8 9 5
25 9 11 17 5 5 6 10 3 4
# New job
21 4 17 6 21 10 14 4 4 8
12 5 13 1 19 21 15 3 5 3
13 1 4 6 3 2 12 22 2 16
# New job
14 3 25 2 1 20 19 3 4 17
26 4 6 23 11 12 7 5 20 17
5 3 27 26 5 4 16 29 13 12
# New job
8 10 2 5 6 2 17 14 17 9
8 4 6 20 21 16 8 9 8 16
4 10 10 8 1 6 11 13 16 9
# New job
21 13 11 15 9 6 10 25 13 25
7 26 23 1 10 10 9 22 11 2
5 4 1 26 14 1 7 19 3 26
# New job
18 3 20 8 22 13 2 2 11 20
7 7 9 3 12 13 6 5 4 6
1 10 6 5 15 12 14 15 5 7
# New job
9 11 11 13 9 13 8 16 13 12
3 6 10 10 8 18 18 3 1 5
24 4 33 7 3 1 12 24 8 8
# New job
3 1 6 2 11 24 22 23 3 5
16 14 34 5 5 24 18 8 19 11
30 13 8 12 27 6 25 2 4 26
# New job
5 7 1 21 17 12 3 3 17 7
13 8 4 3 10 10 5 21 31 10
10 8 4 14 11 4 3 11 6 4
# New job
3 5 5 19 9 9 1 7 8 14
16 4 3 14 20 18 14 24 7 12
21 18 32 7 9 4 1 2 8 18
# New job
12 5 13 2 6 20 9 6 16 5
18 5 12 13 12 7 9 4 5 11
1 13 4 7 1 18 5 13 6 27
# New job
17 5 4 1 18 20 6 14 20 9
5 30 1 6 5 2 6 12 18 4
18 1 2 10 14 13 6 4 14 11
# New job
3 10 12 7 12 10 10 20 10 12
20 5 15 7 7 7 28 16 1 4
3 31 11 14 11 7 11 1 4 18
# New job
