# Job size: 125, Route size 3, Operation size 10 
# Machine size: 25
2 12 8 16 3 18 1 19 12 3
13 13 20 8 12 4 14 8 11 22
9 27 25 6 11 11 28 20 14 18
# New job
8 5 14 2 13 28 20 11 13 1
6 17 17 2 8 16 36 9 12 10
13 11 3 5 20 5 1 6 16 13
# New job
4 12 4 18 2 18 10 2 13 7
35 18 7 10 21 9 1 26 13 11
26 3 16 11 5 15 15 24 21 2
# New job
1 37 19 8 2 14 5 4 27 14
17 12 30 11 12 21 7 6 2 11
17 21 6 22 17 10 14 11 7 2
# New job
1 11 30 14 3 22 7 23 26 6
19 26 18 8 22 6 14 6 14 4
6 18 5 19 18 10 5 10 23 12
# New job
8 2 19 13 14 2 7 4 10 14
13 8 2 18 6 7 1 19 7 2
17 6 24 24 21 28 8 2 27 18
# New job
18 19 1 4 6 12 9 11 11 21
6 18 17 7 29 1 24 8 6 19
21 1 24 2 13 7 11 1 17 21
# New job
11 19 4 5 12 13 17 2 6 10
4 10 6 5 9 2 1 5 6 6
10 2 18 9 1 5 6 26 11 5
# New job
3 4 4 15 5 13 8 4 8 9
42 9 11 25 12 7 4 1 4 1
11 16 8 17 9 8 14 19 16 21
# New job
6 27 10 17 24 1 14 16 2 3
16 3 21 12 15 9 3 8 14 3
6 3 38 3 13 15 10 7 17 15
# New job
1 28 1 3 4 15 6 1 5 4
20 1 9 3 4 10 19 7 7 6
8 8 7 4 3 26 21 27 6 18
# New job
5 25 1 19 18 5 2 16 6 22
8 3 10 34 10 5 19 19 30 2
3 12 21 1 5 6 27 3 16 12
# New job
20 17 11 5 1 9 14 22 3 2
11 1 5 2 7 14 23 8 13 13
5 22 13 14 2 23 18 30 25 4
# New job
2 12 2 5 10 3 1 23 7 9
2 6 35 12 1 26 13 12 14 9
7 9 8 10 12 5 13 11 3 9
# New job
6 19 19 2 2 7 9 14 10 20
11 2 36 19 38 7 13 9 1 27
18 28 13 4 9 2 1 4 17 8
# New job
18 6 7 9 20 7 42 4 6 22
14 11 13 2 11 20 3 16 4 2
14 8 17 19 2 13 1 3 10 6
# New job
11 12 23 6 13 3 10 3 18 10
2 3 11 11 6 20 4 25 11 12
2 9 20 12 3 19 8 29 12 4
# New job
19 20 6 6 4 8 11 13 3 4
9 3 33 4 11 11 13 5 23 7
6 1 4 18 5 7 2 14 2 8
# New job
9 5 13 14 15 27 9 14 7 8
5 9 21 12 5 8 32 13 29 4
4 22 8 1 9 12 20 6 1 3
# New job
11 16 10 19 14 15 13 21 4 9
15 8 8 7 59 18 8 4 1 10
24 4 10 4 6 15 4 10 4 10
# New job
24 1 2 19 2 10 3 22 14 9
25 10 1 7 17 16 5 5 11 24
22 4 6 21 18 35 13 15 5 7
# New job
10 16 5 4 3 8 3 23 4 1
26 21 3 24 6 10 6 33 8 13
12 13 11 8 15 8 3 2 23 7
# New job
15 3 2 1 8 21 12 12 31 13
3 3 9 10 7 16 13 4 20 4
6 8 1 1 5 21 7 23 8 7
# New job
21 11 16 3 37 18 35 4 14 4
3 10 11 7 14 7 7 9 30 28
5 2 17 3 13 19 40 5 16 27
# New job
6 6 16 1 8 5 9 2 1 24
18 3 14 16 21 17 7 8 13 2
12 14 5 11 30 12 19 1 6 8
# New job
28 3 23 11 7 17 24 8 7 2
3 28 6 4 1 1 16 15 1 2
20 9 11 3 1 14 5 9 2 7
# New job
6 12 21 12 6 10 4 21 9 18
3 2 6 17 1 3 18 22 9 11
7 23 16 26 12 10 1 9 4 12
# New job
19 4 7 3 12 9 20 6 4 16
4 15 15 4 4 14 10 4 3 10
25 12 23 22 20 32 14 16 9 8
# New job
11 1 15 8 13 10 20 2 1 18
17 9 19 8 26 29 8 4 18 20
20 9 19 8 7 14 2 19 17 11
# New job
27 14 15 6 8 22 5 10 5 17
20 8 9 7 4 8 18 13 4 19
10 4 6 4 9 18 1 9 1 1
# New job
13 11 5 5 12 13 16 26 16 1
20 5 12 9 24 19 2 9 12 9
10 2 16 11 6 24 18 1 13 12
# New job
11 5 6 10 12 7 3 35 25 19
22 20 8 3 19 4 7 7 1 14
15 3 11 7 4 3 10 1 26 2
# New job
2 15 21 10 3 14 17 1 1 4
4 10 16 14 1 6 27 32 7 9
1 16 32 5 16 4 8 9 11 5
# New job
17 43 3 3 5 1 8 8 17 5
17 15 4 5 6 14 15 14 30 11
7 2 4 11 5 8 2 7 9 6
# New job
18 1 15 1 9 5 15 6 18 8
21 13 18 8 3 14 4 1 18 9
12 14 21 9 4 3 6 16 9 18
# New job
15 12 13 14 3 18 4 5 21 23
17 13 1 5 4 13 2 19 12 4
9 10 16 11 15 7 19 14 13 6
# New job
3 19 1 6 4 13 13 21 1 29
18 2 1 9 8 14 33 26 8 1
13 9 1 16 1 4 6 26 8 4
# New job
10 17 9 21 6 11 13 5 13 17
3 4 3 6 13 5 19 3 20 18
29 3 20 17 2 12 5 6 2 11
# New job
4 11 15 11 22 6 12 12 14 24
34 17 7 13 1 19 2 9 5 4
15 23 14 5 9 23 16 7 3 30
# New job
3 34 22 11 4 20 17 12 26 1
9 4 16 23 12 10 10 8 3 3
8 16 18 14 6 11 5 27 10 20
# New job
8 8 5 18 5 2 6 21 1 24
8 14 12 10 9 11 24 17 9 13
4 34 8 6 24 7 34 5 22 27
# New job
5 4 18 8 14 8 4 11 11 3
3 23 12 5 7 3 10 10 5 4
5 7 3 14 14 23 16 14 14 24
# New job
11 13 28 8 11 21 2 41 17 6
8 13 7 12 2 11 3 8 3 5
11 13 7 12 12 8 15 4 2 4
# New job
6 16 16 19 18 10 18 29 18 15
14 10 24 23 8 28 23 4 23 4
32 13 2 7 8 7 9 22 10 1
# New job
24 12 24 22 10 13 5 14 3 22
7 19 2 12 16 23 9 4 4 7
11 8 4 1 19 3 18 20 8 9
# New job
2 11 5 17 26 1 2 4 19 3
20 15 16 8 9 27 15 5 30 2
19 11 1 18 5 24 13 6 16 3
# New job
8 4 31 25 8 18 7 22 5 9
9 2 6 3 16 4 3 4 8 14
16 4 13 18 4 4 2 17 21 7
# New job
18 9 17 11 11 13 6 7 1 6
15 7 10 6 4 5 23 23 1 15
2 25 18 2 13 6 10 2 2 3
# New job
15 5 1 16 19 11 3 22 9 15
25 20 7 12 14 15 17 20 12 29
13 9 10 19 11 12 2 4 15 1
# New job
22 9 6 13 23 16 9 17 7 11
12 31 19 5 5 2 11 13 2 2
21 23 5 20 7 5 13 6 25 20
# New job
5 3 1 25 25 10 6 9 6 6
11 5 3 15 16 30 1 14 24 25
11 47 9 5 6 19 2 10 2 29
# New job
14 1 21 22 17 25 3 16 7 31
3 13 5 1 10 22 19 19 12 3
6 23 12 7 9 1 12 4 10 2
# New job
8 15 21 15 19 8 4 9 12 9
15 5 12 20 6 23 16 2 7 5
19 6 29 10 14 19 15 10 13 4
# New job
6 14 2 10 3 18 4 19 18 5
15 3 7 21 12 9 4 7 3 36
21 32 16 5 4 1 4 4 3 13
# New job
22 20 2 15 6 21 34 4 5 17
4 10 16 4 9 3 15 15 7 4
20 15 3 15 20 4 9 7 28 12
# New job
10 6 5 6 7 3 5 1 8 22
34 7 10 2 24 7 7 11 5 12
8 9 17 11 19 3 5 1 15 1
# New job
20 10 10 20 1 13 15 2 1 14
1 3 9 17 6 21 10 14 26 8
7 8 14 22 20 9 5 3 17 19
# New job
10 18 24 4 2 32 9 17 4 12
20 15 4 2 30 19 9 6 19 11
4 8 3 3 18 2 1 16 12 22
# New job
28 16 14 12 11 12 3 2 19 11
1 5 12 22 1 20 20 31 4 5
8 17 14 5 17 11 12 2 8 6
# New job
1 3 6 11 6 12 6 1 23 8
11 4 7 9 13 12 18 6 37 11
9 7 11 18 15 18 10 5 19 9
# New job
2 17 9 16 5 4 11 2 12 10
8 24 5 5 40 1 2 20 7 15
1 1 15 1 3 15 15 13 23 11
# New job
5 24 10 11 11 3 27 7 22 15
1 35 5 24 22 8 10 21 4 19
3 4 18 13 5 15 8 9 13 16
# New job
14 16 19 16 23 11 12 14 1 9
8 13 1 23 7 24 5 18 1 16
20 7 3 24 7 4 21 15 20 3
# New job
13 13 17 1 11 1 7 11 25 6
12 23 2 2 6 18 25 15 19 2
9 9 19 6 3 5 12 11 25 33
# New job
2 11 7 6 17 13 37 7 2 12
6 3 21 3 2 23 1 16 4 6
3 6 7 10 2 4 3 12 17 8
# New job
9 22 5 5 6 11 3 15 13 14
23 21 12 6 13 8 27 10 14 18
38 14 2 2 8 18 16 9 26 19
# New job
14 16 13 14 43 2 19 8 9 7
23 18 6 32 12 15 1 2 4 23
12 38 19 14 3 6 9 4 27 27
# New job
3 10 14 27 22 18 2 17 11 5
14 6 4 3 11 1 13 24 8 31
9 2 21 6 3 10 3 14 10 11
# New job
2 3 5 13 18 6 9 7 15 6
10 2 5 12 3 8 1 8 30 4
4 3 11 20 24 4 3 11 15 7
# New job
12 2 5 7 5 3 1 18 1 21
9 3 2 10 19 8 15 9 17 3
15 19 7 32 7 4 8 7 21 17
# New job
12 30 2 9 8 14 10 11 14 2
4 3 6 2 15 13 23 1 12 17
2 1 20 9 17 20 34 18 6 6
# New job
5 18 1 4 8 7 9 9 3 19
11 19 1 20 7 23 9 11 6 3
4 17 2 9 23 12 1 7 34 5
# New job
10 12 3 8 15 24 6 18 31 2
11 6 5 15 23 18 11 14 26 10
15 7 24 25 7 18 7 9 10 12
# New job
2 14 16 5 16 8 20 6 13 9
45 11 27 4 6 19 8 6 14 11
3 1 21 12 23 17 1 7 11 2
# New job
17 14 3 13 15 3 5 13 9 3
13 5 9 14 24 3 10 9 9 14
5 23 6 1 9 17 12 5 4 26
# New job
15 1 29 9 12 16 7 10 24 11
2 12 8 6 6 11 4 13 10 34
20 21 6 2 5 21 16 18 18 3
# New job
5 9 15 20 4 9 11 2 5 15
3 2 5 21 9 18 6 25 8 2
18 21 10 2 21 16 10 10 22 2
# New job
19 17 3 9 18 11 11 7 19 14
21 11 8 1 15 9 15 8 1 9
13 20 3 17 23 4 20 8 4 5
# New job
5 1 4 3 8 7 12 11 13 4
2 15 2 9 2 18 18 12 6 5
20 15 8 14 4 3 2 8 11 6
# New job
5 11 7 2 12 31 6 5 2 22
13 12 4 18 5 17 17 14 2 6
13 12 11 5 7 6 1 9 4 30
# New job
15 27 6 10 8 3 1 10 20 1
4 2 6 3 11 25 12 9 26 1
3 10 18 3 6 11 9 21 4 12
# New job
17 16 12 21 4 14 10 6 19 4
20 19 13 11 3 11 2 14 14 31
17 3 6 18 4 13 13 14 4 10
# New job
7 25 12 7 1 24 16 26 6 8
12 4 13 16 4 22 39 7 32 4
25 2 28 28 21 16 26 7 5 12
# New job
13 3 14 2 20 9 8 18 4 20
11 7 5 7 20 9 19 12 17 17
18 2 5 17 10 15 8 22 13 1
# New job
7 6 11 1 17 26 9 31 15 5
13 15 6 7 9 5 12 7 25 7
18 1 28 2 13 2 3 16 7 4
# New job
7 5 1 19 41 23 10 1 8 9
30 1 1 2 4 6 4 33 28 27
8 12 6 4 10 15 13 9 4 18
# New job
3 8 16 12 7 15 11 7 1 4
15 2 1 10 15 41 21 8 2 10
7 13 14 12 22 16 3 12 32 4
# New job
10 13 12 13 10 12 19 24 9 5
2 8 14 10 2 12 15 5 24 7
1 9 6 13 26 9 13 6 13 3
# New job
2 11 9 21 21 15 8 4 2 10
15 29 9 12 13 3 12 1 4 8
10 4 7 24 5 5 12 3 4 14
# New job
4 2 10 16 30 15 10 4 6 3
19 3 11 15 14 13 11 20 7 1
25 25 1 8 22 13 33 1 5 11
# New job
14 7 18 8 19 2 24 7 9 6
3 2 6 1 2 14 5 4 16 8
2 6 19 21 2 16 10 1 6 31
# New job
13 7 8 19 15 9 7 21 7 6
1 9 6 20 2 2 7 34 14 25
7 7 11 4 11 4 1 15 4 26
# New job
18 25 14 21 13 15 9 10 15 1
10 8 13 9 12 28 20 8 6 15
17 15 10 5 4 8 10 6 2 30
# New job
3 12 7 2 10 2 6 5 3 12
13 10 2 2 14 3 19 2 9 1
8 5 13 14 22 3 2 7 9 22
# New job
10 2 7 12 1 28 3 23 11 14
7 22 9 8 15 4 5 24 3 7
17 5 25 2 10 25 1 2 10 16
# New job
4 18 13 9 13 19 20 10 5 1
18 9 12 3 5 28 3 11 4 7
17 2 17 7 16 12 24 1 25 14
# New job
1 27 12 4 31 3 6 29 19 7
4 21 20 2 3 8 7 4 7 6
12 20 13 8 4 13 10 7 13 13
# New job
10 11 9 13 20 18 8 1 11 11
8 3 13 5 1 15 3 11 6 18
28 14 6 4 2 19 17 5 26 28
# New job
45 16 15 5 5 7 2 1 1 17
23 12 2 19 1 23 11 5 7 7
6 11 7 8 12 20 6 3 24 6
# New job
41 15 4 3 1 8 23 16 1 16
10 21 2 7 4 5 16 16 6 21
9 19 13 18 17 1 5 2 19 6
# New job
10 3 1 15 26 8 12 16 8 1
19 9 18 13 5 20 5 11 13 9
7 27 9 16 16 16 4 23 17 30
# New job
11 3 14 3 8 9 30 23 3 5
9 7 6 6 24 2 2 32 7 10
11 9 8 7 19 8 21 9 7 11
# New job
6 2 6 13 5 5 7 26 26 18
3 11 36 15 10 4 1 14 21 19
14 26 11 9 3 9 13 21 20 1
# New job
7 15 4 1 5 17 6 9 16 11
13 20 2 1 19 16 13 6 12 27
15 8 2 2 7 2 1 20 14 12
# New job
6 16 11 25 2 7 1 8 10 12
2 17 9 9 7 9 20 37 29 5
17 3 18 17 10 3 1 17 18 1
# New job
14 3 29 4 15 7 3 10 18 9
23 8 1 11 7 22 8 10 3 11
25 13 6 5 31 1 13 17 13 16
# New job
22 13 20 20 9 2 19 6 14 7
15 5 17 26 8 5 16 19 3 27
24 18 20 3 2 30 6 3 4 4
# New job
22 5 4 2 8 3 2 13 6 2
13 14 1 16 3 32 3 26 6 13
13 14 12 17 7 1 13 25 2 2
# New job
11 26 14 15 18 1 16 7 14 21
8 11 10 29 2 3 14 6 6 7
4 23 3 14 39 8 14 9 2 12
# New job
20 5 1 3 3 7 13 16 1 7
10 5 12 3 10 6 11 21 16 41
11 8 23 5 13 44 3 7 10 7
# New job
20 11 14 15 3 25 9 8 6 7
14 21 20 1 38 1 2 14 23 8
18 4 3 11 12 18 4 19 36 9
# New job
1 16 1 15 17 24 14 15 19 8
4 7 7 18 13 18 10 6 12 14
11 37 3 1 3 15 15 6 9 17
# New job
19 8 4 10 21 3 4 2 22 7
30 15 8 20 22 21 9 3 18 9
11 37 9 9 8 25 8 11 4 17
# New job
9 5 9 2 5 2 31 16 15 2
5 16 6 5 4 3 20 11 10 4
12 12 13 4 16 6 26 6 23 3
# New job
17 28 33 34 26 14 33 3 22 8
9 17 4 7 3 3 21 12 14 5
5 5 6 8 19 3 16 4 6 6
# New job
7 4 21 3 19 4 15 8 8 13
9 18 11 18 3 2 20 6 3 6
10 4 9 11 11 9 7 11 7 3
# New job
2 10 6 28 5 25 7 9 13 21
6 32 1 6 3 13 10 13 14 1
21 18 10 1 1 13 12 14 13 11
# New job
11 14 13 27 3 5 23 1 8 14
11 1 16 2 11 15 9 1 5 5
5 10 10 16 8 10 3 1 18 16
# New job
17 29 6 4 10 7 9 3 7 5
4 3 12 5 15 5 5 6 9 8
4 23 11 4 3 20 17 1 16 14
# New job
3 6 14 1 22 14 20 1 15 25
8 1 2 10 23 9 4 18 6 2
11 23 12 4 22 6 25 12 2 14
# New job
3 12 1 5 2 19 1 31 21 9
1 5 23 7 28 14 1 9 2 2
16 15 25 24 23 1 5 14 1 17
# New job
8 26 23 5 21 10 8 5 6 14
2 1 12 7 4 12 14 8 17 7
6 19 11 14 25 6 2 2 11 17
# New job
27 10 6 1 7 17 32 4 5 1
5 16 5 3 7 12 4 19 9 2
8 9 14 1 5 12 22 3 9 18
# New job
7 3 4 9 12 8 14 15 17 12
6 5 19 3 20 10 13 24 12 1
19 5 36 15 16 24 1 12 24 13
# New job
8 7 5 16 1 5 1 2 10 29
7 2 24 11 7 7 3 10 10 6
10 7 20 16 14 8 26 24 8 17
# New job
