0.480
0.800
0.800
1.000
0.800
0.320
0.800
0.160
0.320
0.480
1.000
0.800
0.640
0.160
1.000
0.320
0.640
0.640
0.160
0.480
1.000
0.800
0.800
0.320
0.480
0.160
0.800
0.800
0.320
1.000
0.160
0.800
1.000
0.480
0.640
1.000
0.160
0.320
0.480
0.800
0.160
0.640
0.800
0.160
0.480
0.320
0.640
0.320
0.320
0.480
0.640
0.800
1.000
1.000
0.320
0.480
1.000
0.480
0.640
0.480
1.000
0.320
1.000
1.000
0.320
0.800
0.640
0.320
1.000
1.000
0.640
0.800
0.800
0.160
0.480
0.640
0.480
0.800
0.320
0.640
0.480
0.320
1.000
0.320
0.800
0.640
0.320
0.640
1.000
0.160
0.320
0.800
0.320
0.480
0.480
1.000
0.320
0.320
0.480
0.320
0.640
0.160
1.000
0.480
0.480
0.320
0.800
0.160
0.160
0.640
1.000
0.160
1.000
0.800
0.480
0.480
0.640
0.480
0.160
0.480
0.320
0.640
0.800
0.480
0.800
1.000
0.320
1.000
0.480
0.320
0.320
0.320
0.320
0.800
0.800
0.800
0.640
0.800
0.640
0.800
0.320
0.640
0.800
0.800
0.480
0.160
0.160
0.800
1.000
0.640
0.480
0.480
0.800
0.480
0.480
0.640
0.640
0.800
1.000
0.640
1.000
0.800
0.160
0.480
0.800
1.000
1.000
1.000
0.320
0.800
0.640
1.000
0.640
1.000
0.640
0.320
1.000
0.480
0.320
0.800
1.000
0.640
0.160
0.480
0.640
1.000
0.640
0.800
1.000
0.160
0.800
0.800
0.160
1.000
0.640
0.320
0.160
1.000
0.800
0.800
