----------------------------------------------------------------------------------------------------
Population # 0 | Best: 19.335 Avg: 24.63, Worst: 29.13 
----------------------------------------------------------------------------------------------------
#0 [18, 14, 0, 1, 1, 1] |Fitness: 19.33
#1 [34, 1, 0, 1, 1, 0] |Fitness: 20.59
#2 [13, 10, 1, 0, 0, 1] |Fitness: 20.59
#3 [19, 12, 0, 1, 0, 1] |Fitness: 23.69
#4 [3, 5, 1, 1, 1, 0] |Fitness: 24.31
#5 [23, 1, 1, 1, 0, 0] |Fitness: 25.77
#6 [24, 0, 1, 1, 0, 0] |Fitness: 26.97
#7 [8, 5, 0, 0, 1, 1] |Fitness: 27.49
#8 [22, 12, 0, 0, 1, 0] |Fitness: 28.4
#9 [17, 11, 1, 0, 1, 1] |Fitness: 29.13
----------------------------------------------------------------------------------------------------
Population # 1 | Best: 20.592 Avg: 25.23, Worst: 29.13 
----------------------------------------------------------------------------------------------------
#0 [34, 1, 0, 1, 1, 0] |Fitness: 20.59
#1 [13, 10, 1, 0, 0, 1] |Fitness: 20.59
#2 [19, 12, 0, 1, 0, 1] |Fitness: 23.69
#3 [3, 5, 1, 1, 1, 0] |Fitness: 24.31
#4 [18, 14, 0, 1, 1, 1] |Fitness: 25.31
#5 [23, 1, 1, 1, 0, 0] |Fitness: 25.77
#6 [24, 0, 1, 1, 0, 0] |Fitness: 26.97
#7 [8, 5, 0, 0, 1, 1] |Fitness: 27.49
#8 [22, 12, 0, 0, 1, 0] |Fitness: 28.4
#9 [17, 11, 1, 0, 1, 1] |Fitness: 29.13
----------------------------------------------------------------------------------------------------
Population # 2 | Best: 18.817 Avg: 21.96, Worst: 24.31 
----------------------------------------------------------------------------------------------------
#0 [13, 10, 1, 0, 1, 0] |Fitness: 18.82
#1 [34, 1, 0, 1, 1, 0] |Fitness: 20.59
#2 [13, 10, 1, 0, 0, 1] |Fitness: 20.59
#3 [18, 14, 0, 1, 1, 1] |Fitness: 20.73
#4 [34, 12, 0, 1, 0, 1] |Fitness: 20.87
#5 [19, 1, 0, 1, 0, 0] |Fitness: 22.63
#6 [19, 1, 0, 1, 1, 0] |Fitness: 23.53
#7 [19, 12, 0, 1, 0, 1] |Fitness: 23.69
#8 [3, 5, 1, 1, 0, 1] |Fitness: 23.88
#9 [3, 5, 1, 1, 1, 0] |Fitness: 24.31
----------------------------------------------------------------------------------------------------
Population # 3 | Best: 18.58 Avg: 21.14, Worst: 23.53 
----------------------------------------------------------------------------------------------------
#0 [13, 10, 1, 1, 1, 0] |Fitness: 18.58
#1 [13, 10, 1, 0, 1, 0] |Fitness: 18.82
#2 [18, 14, 0, 1, 1, 1] |Fitness: 19.8
#3 [34, 1, 0, 1, 1, 0] |Fitness: 20.59
#4 [13, 10, 1, 0, 0, 1] |Fitness: 20.59
#5 [34, 12, 0, 1, 0, 1] |Fitness: 20.87
#6 [18, 1, 0, 1, 1, 0] |Fitness: 22.53
#7 [19, 1, 0, 1, 0, 0] |Fitness: 22.63
#8 [19, 1, 0, 1, 0, 1] |Fitness: 23.49
#9 [19, 1, 0, 1, 1, 0] |Fitness: 23.53
----------------------------------------------------------------------------------------------------
Population # 4 | Best: 18.58 Avg: 20.6, Worst: 23.02 
----------------------------------------------------------------------------------------------------
#0 [13, 10, 1, 1, 1, 0] |Fitness: 18.58
#1 [13, 10, 1, 0, 1, 0] |Fitness: 18.82
#2 [18, 14, 0, 1, 1, 1] |Fitness: 19.46
#3 [34, 1, 0, 1, 1, 0] |Fitness: 20.59
#4 [13, 10, 1, 0, 0, 1] |Fitness: 20.59
#5 [34, 1, 0, 1, 0, 1] |Fitness: 20.67
#6 [34, 12, 0, 1, 1, 0] |Fitness: 20.74
#7 [34, 12, 0, 1, 0, 1] |Fitness: 20.87
#8 [19, 1, 0, 1, 0, 0] |Fitness: 22.63
#9 [18, 1, 0, 1, 1, 0] |Fitness: 23.02
----------------------------------------------------------------------------------------------------
Population # 5 | Best: 18.58 Avg: 20.22, Worst: 21.29 
----------------------------------------------------------------------------------------------------
#0 [13, 10, 1, 1, 1, 0] |Fitness: 18.58
#1 [13, 10, 1, 0, 1, 0] |Fitness: 18.82
#2 [18, 14, 0, 1, 1, 1] |Fitness: 19.86
#3 [18, 14, 0, 1, 1, 0] |Fitness: 20.14
#4 [34, 1, 0, 1, 1, 0] |Fitness: 20.59
#5 [13, 10, 1, 0, 0, 1] |Fitness: 20.59
#6 [34, 1, 0, 1, 0, 1] |Fitness: 20.67
#7 [34, 12, 0, 1, 1, 0] |Fitness: 20.74
#8 [34, 12, 0, 1, 0, 1] |Fitness: 20.87
#9 [34, 1, 0, 1, 1, 1] |Fitness: 21.29
----------------------------------------------------------------------------------------------------
Population # 6 | Best: 18.58 Avg: 20.38, Worst: 21.42 
----------------------------------------------------------------------------------------------------
#0 [13, 10, 1, 1, 1, 0] |Fitness: 18.58
#1 [13, 10, 1, 0, 1, 0] |Fitness: 18.82
#2 [18, 14, 0, 1, 1, 1] |Fitness: 20.27
#3 [34, 1, 0, 1, 1, 0] |Fitness: 20.59
#4 [13, 10, 1, 0, 0, 1] |Fitness: 20.59
#5 [34, 1, 0, 1, 0, 1] |Fitness: 20.67
#6 [34, 12, 0, 1, 1, 0] |Fitness: 20.74
#7 [34, 12, 0, 1, 0, 1] |Fitness: 20.87
#8 [34, 1, 0, 1, 1, 1] |Fitness: 21.29
#9 [18, 16, 0, 1, 1, 0] |Fitness: 21.42
----------------------------------------------------------------------------------------------------
Population # 7 | Best: 18.58 Avg: 20.1, Worst: 21.13 
----------------------------------------------------------------------------------------------------
#0 [13, 10, 1, 1, 1, 0] |Fitness: 18.58
#1 [13, 10, 1, 0, 1, 0] |Fitness: 18.82
#2 [18, 14, 0, 1, 1, 1] |Fitness: 19.5
#3 [34, 12, 1, 1, 0, 0] |Fitness: 19.53
#4 [34, 1, 0, 1, 1, 0] |Fitness: 20.59
#5 [13, 10, 1, 0, 0, 1] |Fitness: 20.59
#6 [34, 1, 0, 1, 0, 1] |Fitness: 20.67
#7 [34, 12, 0, 1, 1, 0] |Fitness: 20.74
#8 [34, 12, 0, 1, 0, 1] |Fitness: 20.87
#9 [13, 1, 1, 0, 1, 1] |Fitness: 21.13
----------------------------------------------------------------------------------------------------
Population # 8 | Best: 18.58 Avg: 19.79, Worst: 20.67 
----------------------------------------------------------------------------------------------------
#0 [13, 10, 1, 1, 1, 0] |Fitness: 18.58
#1 [13, 10, 1, 0, 1, 0] |Fitness: 18.82
#2 [18, 14, 0, 1, 1, 1] |Fitness: 19.33
#3 [30, 12, 1, 1, 0, 1] |Fitness: 19.51
#4 [34, 12, 1, 1, 0, 0] |Fitness: 19.53
#5 [34, 1, 0, 1, 0, 0] |Fitness: 20.01
#6 [34, 12, 1, 1, 0, 1] |Fitness: 20.31
#7 [34, 1, 0, 1, 1, 0] |Fitness: 20.59
#8 [13, 10, 1, 0, 0, 1] |Fitness: 20.59
#9 [34, 1, 0, 1, 0, 1] |Fitness: 20.67
----------------------------------------------------------------------------------------------------
Population # 9 | Best: 18.58 Avg: 19.86, Worst: 20.67 
----------------------------------------------------------------------------------------------------
#0 [13, 10, 1, 1, 1, 0] |Fitness: 18.58
#1 [13, 10, 1, 0, 1, 0] |Fitness: 18.82
#2 [30, 12, 1, 1, 0, 1] |Fitness: 19.51
#3 [34, 12, 1, 1, 0, 0] |Fitness: 19.53
#4 [34, 1, 0, 1, 0, 0] |Fitness: 20.01
#5 [34, 12, 1, 1, 1, 0] |Fitness: 20.01
#6 [34, 12, 1, 1, 0, 1] |Fitness: 20.31
#7 [34, 1, 0, 1, 1, 0] |Fitness: 20.59
#8 [13, 10, 1, 0, 0, 1] |Fitness: 20.59
#9 [34, 1, 0, 1, 0, 1] |Fitness: 20.67
