

----------------iteration:0----------------
tabu_x_genes: [3, 18, 1, 1, 0, 1] 
p1: [5 3] 
p1==2: e girildideğişen: [3, 18, 1, 1, 0, 0] 
p1==2: e girildideğişen: [3, 18, 1, 0, 0, 0] 
solution y fitness: 19.805333333333333 
delta: 1.7204166666666652 
gata_tabu_list: [[3, 18, 1, 0, 0, 0]] 


----------------iteration:1----------------
tabu_x_genes: [3, 18, 1, 1, 0, 1] 
p1: [0 3] 
p1==0 a girildideğişen: [14, 18, 1, 1, 0, 1] 
p1==2: e girildideğişen: [14, 18, 1, 0, 0, 1] 
solution y fitness: 20.606416666666664 
delta: 2.521499999999996 
gata_tabu_list: [[3, 18, 1, 0, 0, 0], [14, 18, 1, 0, 0, 1]] 


----------------iteration:2----------------
tabu_x_genes: [3, 18, 1, 1, 0, 1] 
p1: [4 5] 
p1==2: e girildideğişen: [3, 18, 1, 1, 1, 1] 
p1==2: e girildideğişen: [3, 18, 1, 1, 1, 0] 
solution y fitness: 19.521166666666666 
delta: 1.4362499999999976 
gata_tabu_list: [[3, 18, 1, 0, 0, 0], [14, 18, 1, 0, 0, 1], [3, 18, 1, 1, 1, 0]] 


----------------iteration:3----------------
tabu_x_genes: [3, 18, 1, 1, 0, 1] 
p1: [4 2] 
p1==2: e girildideğişen: [3, 18, 1, 1, 1, 1] 
p1==2: e girildideğişen: [3, 18, 0, 1, 1, 1] 
solution y fitness: 20.090624999999996 
delta: 2.0057083333333274 
gata_tabu_list: [[3, 18, 1, 0, 0, 0], [14, 18, 1, 0, 0, 1], [3, 18, 1, 1, 1, 0], [3, 18, 0, 1, 1, 1]] 


----------------iteration:4----------------
tabu_x_genes: [3, 18, 1, 1, 0, 1] 
p1: [2 1] 
p1==2: e girildideğişen: [3, 18, 0, 1, 0, 1] 
p1==1 e girildideğişen: [3, 19, 0, 1, 0, 1] 
solution y fitness: 18.507666666666665 
delta: 0.4227499999999971 
gata_tabu_list: [[3, 18, 1, 0, 0, 0], [14, 18, 1, 0, 0, 1], [3, 18, 1, 1, 1, 0], [3, 18, 0, 1, 1, 1], [3, 19, 0, 1, 0, 1]] 


----------------iteration:5----------------
tabu_x_genes: [3, 18, 1, 1, 0, 1] 
p1: [0 4] 
p1==0 a girildideğişen: [8, 18, 1, 1, 0, 1] 
p1==2: e girildideğişen: [8, 18, 1, 1, 1, 1] 
solution y fitness: 25.223000000000003 
delta: 7.138083333333334 
gata_tabu_list: [[3, 18, 1, 0, 0, 0], [14, 18, 1, 0, 0, 1], [3, 18, 1, 1, 1, 0], [3, 18, 0, 1, 1, 1], [3, 19, 0, 1, 0, 1], [8, 18, 1, 1, 1, 1]] 


----------------iteration:6----------------
tabu_x_genes: [3, 18, 1, 1, 0, 1] 
p1: [3 5] 
p1==2: e girildideğişen: [3, 18, 1, 0, 0, 1] 
p1==2: e girildideğişen: [3, 18, 1, 0, 0, 0] 
p1: [2] 
p1==2: e girildideğişen: [3, 18, 0, 0, 0, 0] 
solution y fitness: 20.647166666666667 
delta: 2.562249999999999 
gata_tabu_list: [[3, 18, 1, 0, 0, 0], [14, 18, 1, 0, 0, 1], [3, 18, 1, 1, 1, 0], [3, 18, 0, 1, 1, 1], [3, 19, 0, 1, 0, 1], [8, 18, 1, 1, 1, 1], [3, 18, 0, 0, 0, 0]] 


----------------iteration:7----------------
tabu_x_genes: [3, 18, 1, 1, 0, 1] 
p1: [3 5] 
p1==2: e girildideğişen: [3, 18, 1, 0, 0, 1] 
p1==2: e girildideğişen: [3, 18, 1, 0, 0, 0] 
p1: [0] 
p1==0 a girildideğişen: [17, 18, 1, 0, 0, 0] 
solution y fitness: 21.12825 
delta: 3.043333333333333 
gata_tabu_list: [[3, 18, 1, 0, 0, 0], [14, 18, 1, 0, 0, 1], [3, 18, 1, 1, 1, 0], [3, 18, 0, 1, 1, 1], [3, 19, 0, 1, 0, 1], [8, 18, 1, 1, 1, 1], [3, 18, 0, 0, 0, 0], [17, 18, 1, 0, 0, 0]] 


----------------iteration:8----------------
tabu_x_genes: [3, 18, 1, 1, 0, 1] 
p1: [5 1] 
p1==2: e girildideğişen: [3, 18, 1, 1, 0, 0] 
p1==1 e girildideğişen: [3, 11, 1, 1, 0, 0] 
solution y fitness: 19.9045 
delta: 1.8195833333333304 
gata_tabu_list: [[3, 18, 1, 0, 0, 0], [14, 18, 1, 0, 0, 1], [3, 18, 1, 1, 1, 0], [3, 18, 0, 1, 1, 1], [3, 19, 0, 1, 0, 1], [8, 18, 1, 1, 1, 1], [3, 18, 0, 0, 0, 0], [17, 18, 1, 0, 0, 0], [3, 11, 1, 1, 0, 0]] 


----------------iteration:9----------------
tabu_x_genes: [3, 18, 1, 1, 0, 1] 
p1: [1 2] 
p1==1 e girildideğişen: [3, 2, 1, 1, 0, 1] 
p1==2: e girildideğişen: [3, 2, 0, 1, 0, 1] 
solution y fitness: 19.929333333333332 
delta: 1.844416666666664 
gata_tabu_list: [[3, 18, 1, 0, 0, 0], [14, 18, 1, 0, 0, 1], [3, 18, 1, 1, 1, 0], [3, 18, 0, 1, 1, 1], [3, 19, 0, 1, 0, 1], [8, 18, 1, 1, 1, 1], [3, 18, 0, 0, 0, 0], [17, 18, 1, 0, 0, 0], [3, 11, 1, 1, 0, 0], [3, 2, 0, 1, 0, 1]] 


----------------iteration:10----------------
tabu_x_genes: [3, 18, 1, 1, 0, 1] 
p1: [1 5] 
p1==1 e girildideğişen: [3, 21, 1, 1, 0, 1] 
p1==2: e girildideğişen: [3, 21, 1, 1, 0, 0] 
solution y fitness: 18.599208333333333 
delta: 0.514291666666665 
gata_tabu_list: [[3, 18, 1, 0, 0, 0], [14, 18, 1, 0, 0, 1], [3, 18, 1, 1, 1, 0], [3, 18, 0, 1, 1, 1], [3, 19, 0, 1, 0, 1], [8, 18, 1, 1, 1, 1], [3, 18, 0, 0, 0, 0], [17, 18, 1, 0, 0, 0], [3, 11, 1, 1, 0, 0], [3, 2, 0, 1, 0, 1], [3, 21, 1, 1, 0, 0]] 


----------------iteration:11----------------
tabu_x_genes: [3, 18, 1, 1, 0, 1] 
p1: [4 1] 
p1==2: e girildideğişen: [3, 18, 1, 1, 1, 1] 
p1==1 e girildideğişen: [3, 5, 1, 1, 1, 1] 
solution y fitness: 21.002833333333335 
delta: 2.9179166666666667 
gata_tabu_list: [[14, 18, 1, 0, 0, 1], [3, 18, 1, 1, 1, 0], [3, 18, 0, 1, 1, 1], [3, 19, 0, 1, 0, 1], [8, 18, 1, 1, 1, 1], [3, 18, 0, 0, 0, 0], [17, 18, 1, 0, 0, 0], [3, 11, 1, 1, 0, 0], [3, 2, 0, 1, 0, 1], [3, 21, 1, 1, 0, 0], [3, 5, 1, 1, 1, 1]] 


----------------iteration:12----------------
tabu_x_genes: [3, 18, 1, 1, 0, 1] 
p1: [4 1] 
p1==2: e girildideğişen: [3, 18, 1, 1, 1, 1] 
p1==1 e girildideğişen: [3, 22, 1, 1, 1, 1] 
solution y fitness: 19.639208333333332 
delta: 1.5542916666666642 
gata_tabu_list: [[3, 18, 1, 1, 1, 0], [3, 18, 0, 1, 1, 1], [3, 19, 0, 1, 0, 1], [8, 18, 1, 1, 1, 1], [3, 18, 0, 0, 0, 0], [17, 18, 1, 0, 0, 0], [3, 11, 1, 1, 0, 0], [3, 2, 0, 1, 0, 1], [3, 21, 1, 1, 0, 0], [3, 5, 1, 1, 1, 1], [3, 22, 1, 1, 1, 1]] 


----------------iteration:13----------------
tabu_x_genes: [3, 18, 1, 1, 0, 1] 
p1: [2 3] 
p1==2: e girildideğişen: [3, 18, 0, 1, 0, 1] 
p1==2: e girildideğişen: [3, 18, 0, 0, 0, 1] 
solution y fitness: 20.725875000000002 
delta: 2.6409583333333337 
gata_tabu_list: [[3, 18, 0, 1, 1, 1], [3, 19, 0, 1, 0, 1], [8, 18, 1, 1, 1, 1], [3, 18, 0, 0, 0, 0], [17, 18, 1, 0, 0, 0], [3, 11, 1, 1, 0, 0], [3, 2, 0, 1, 0, 1], [3, 21, 1, 1, 0, 0], [3, 5, 1, 1, 1, 1], [3, 22, 1, 1, 1, 1], [3, 18, 0, 0, 0, 1]] 


----------------iteration:14----------------
tabu_x_genes: [3, 18, 1, 1, 0, 1] 
p1: [3 1] 
p1==2: e girildideğişen: [3, 18, 1, 0, 0, 1] 
p1==1 e girildideğişen: [3, 0, 1, 0, 0, 1] 
solution y fitness: 20.17604166666667 
delta: 2.0911250000000017 
gata_tabu_list: [[3, 19, 0, 1, 0, 1], [8, 18, 1, 1, 1, 1], [3, 18, 0, 0, 0, 0], [17, 18, 1, 0, 0, 0], [3, 11, 1, 1, 0, 0], [3, 2, 0, 1, 0, 1], [3, 21, 1, 1, 0, 0], [3, 5, 1, 1, 1, 1], [3, 22, 1, 1, 1, 1], [3, 18, 0, 0, 0, 1], [3, 0, 1, 0, 0, 1]] 


----------------iteration:15----------------
tabu_x_genes: [3, 18, 1, 1, 0, 1] 
p1: [3 1] 
p1==2: e girildideğişen: [3, 18, 1, 0, 0, 1] 
p1==1 e girildideğişen: [3, 7, 1, 0, 0, 1] 
solution y fitness: 18.715249999999997 
delta: 0.6303333333333292 
gata_tabu_list: [[8, 18, 1, 1, 1, 1], [3, 18, 0, 0, 0, 0], [17, 18, 1, 0, 0, 0], [3, 11, 1, 1, 0, 0], [3, 2, 0, 1, 0, 1], [3, 21, 1, 1, 0, 0], [3, 5, 1, 1, 1, 1], [3, 22, 1, 1, 1, 1], [3, 18, 0, 0, 0, 1], [3, 0, 1, 0, 0, 1], [3, 7, 1, 0, 0, 1]] 


----------------iteration:16----------------
tabu_x_genes: [3, 18, 1, 1, 0, 1] 
p1: [1 0] 
p1==1 e girildideğişen: [3, 21, 1, 1, 0, 1] 
p1==0 a girildideğişen: [13, 21, 1, 1, 0, 1] 
solution y fitness: 19.1845 
delta: 1.0995833333333316 
gata_tabu_list: [[3, 18, 0, 0, 0, 0], [17, 18, 1, 0, 0, 0], [3, 11, 1, 1, 0, 0], [3, 2, 0, 1, 0, 1], [3, 21, 1, 1, 0, 0], [3, 5, 1, 1, 1, 1], [3, 22, 1, 1, 1, 1], [3, 18, 0, 0, 0, 1], [3, 0, 1, 0, 0, 1], [3, 7, 1, 0, 0, 1], [13, 21, 1, 1, 0, 1]] 


----------------iteration:17----------------
tabu_x_genes: [3, 18, 1, 1, 0, 1] 
p1: [2 3] 
p1==2: e girildideğişen: [3, 18, 0, 1, 0, 1] 
p1==2: e girildideğişen: [3, 18, 0, 0, 0, 1] 
p1: [5] 
p1==2: e girildideğişen: [3, 18, 0, 0, 0, 0] 
solution y fitness: 20.647166666666667 
delta: 2.562249999999999 
gata_tabu_list: [[17, 18, 1, 0, 0, 0], [3, 11, 1, 1, 0, 0], [3, 2, 0, 1, 0, 1], [3, 21, 1, 1, 0, 0], [3, 5, 1, 1, 1, 1], [3, 22, 1, 1, 1, 1], [3, 18, 0, 0, 0, 1], [3, 0, 1, 0, 0, 1], [3, 7, 1, 0, 0, 1], [13, 21, 1, 1, 0, 1], [3, 18, 0, 0, 0, 0]] 


----------------iteration:18----------------
tabu_x_genes: [3, 18, 1, 1, 0, 1] 
p1: [0 3] 
p1==0 a girildideğişen: [24, 18, 1, 1, 0, 1] 
p1==2: e girildideğişen: [24, 18, 1, 0, 0, 1] 
solution y fitness: 30.522966666666665 
delta: 12.438049999999997 
gata_tabu_list: [[3, 11, 1, 1, 0, 0], [3, 2, 0, 1, 0, 1], [3, 21, 1, 1, 0, 0], [3, 5, 1, 1, 1, 1], [3, 22, 1, 1, 1, 1], [3, 18, 0, 0, 0, 1], [3, 0, 1, 0, 0, 1], [3, 7, 1, 0, 0, 1], [13, 21, 1, 1, 0, 1], [3, 18, 0, 0, 0, 0], [24, 18, 1, 0, 0, 1]] 


----------------iteration:19----------------
tabu_x_genes: [3, 18, 1, 1, 0, 1] 
p1: [5 2] 
p1==2: e girildideğişen: [3, 18, 1, 1, 0, 0] 
p1==2: e girildideğişen: [3, 18, 0, 1, 0, 0] 
solution y fitness: 19.55254166666667 
delta: 1.4676250000000017 
gata_tabu_list: [[3, 2, 0, 1, 0, 1], [3, 21, 1, 1, 0, 0], [3, 5, 1, 1, 1, 1], [3, 22, 1, 1, 1, 1], [3, 18, 0, 0, 0, 1], [3, 0, 1, 0, 0, 1], [3, 7, 1, 0, 0, 1], [13, 21, 1, 1, 0, 1], [3, 18, 0, 0, 0, 0], [24, 18, 1, 0, 0, 1], [3, 18, 0, 1, 0, 0]] 


----------------iteration:20----------------
tabu_x_genes: [3, 18, 1, 1, 0, 1] 
p1: [5 0] 
p1==2: e girildideğişen: [3, 18, 1, 1, 0, 0] 
p1==0 a girildideğişen: [32, 18, 1, 1, 0, 0] 
solution y fitness: 20.968416666666666 
delta: 2.883499999999998 
gata_tabu_list: [[3, 21, 1, 1, 0, 0], [3, 5, 1, 1, 1, 1], [3, 22, 1, 1, 1, 1], [3, 18, 0, 0, 0, 1], [3, 0, 1, 0, 0, 1], [3, 7, 1, 0, 0, 1], [13, 21, 1, 1, 0, 1], [3, 18, 0, 0, 0, 0], [24, 18, 1, 0, 0, 1], [3, 18, 0, 1, 0, 0], [32, 18, 1, 1, 0, 0]] 


----------------iteration:21----------------
tabu_x_genes: [3, 18, 1, 1, 0, 1] 
p1: [3 1] 
p1==2: e girildideğişen: [3, 18, 1, 0, 0, 1] 
p1==1 e girildideğişen: [3, 1, 1, 0, 0, 1] 
solution y fitness: 18.813083333333335 
delta: 0.7281666666666666 
gata_tabu_list: [[3, 5, 1, 1, 1, 1], [3, 22, 1, 1, 1, 1], [3, 18, 0, 0, 0, 1], [3, 0, 1, 0, 0, 1], [3, 7, 1, 0, 0, 1], [13, 21, 1, 1, 0, 1], [3, 18, 0, 0, 0, 0], [24, 18, 1, 0, 0, 1], [3, 18, 0, 1, 0, 0], [32, 18, 1, 1, 0, 0], [3, 1, 1, 0, 0, 1]] 


----------------iteration:22----------------
tabu_x_genes: [3, 18, 1, 1, 0, 1] 
p1: [5 4] 
p1==2: e girildideğişen: [3, 18, 1, 1, 0, 0] 
p1==2: e girildideğişen: [3, 18, 1, 1, 1, 0] 
solution y fitness: 19.521166666666666 
delta: 1.4362499999999976 
gata_tabu_list: [[3, 22, 1, 1, 1, 1], [3, 18, 0, 0, 0, 1], [3, 0, 1, 0, 0, 1], [3, 7, 1, 0, 0, 1], [13, 21, 1, 1, 0, 1], [3, 18, 0, 0, 0, 0], [24, 18, 1, 0, 0, 1], [3, 18, 0, 1, 0, 0], [32, 18, 1, 1, 0, 0], [3, 1, 1, 0, 0, 1], [3, 18, 1, 1, 1, 0]] 


----------------iteration:23----------------
tabu_x_genes: [3, 18, 1, 1, 0, 1] 
p1: [2 0] 
p1==2: e girildideğişen: [3, 18, 0, 1, 0, 1] 
p1==0 a girildideğişen: [10, 18, 0, 1, 0, 1] 
solution y fitness: 21.625083333333333 
delta: 3.5401666666666642 
gata_tabu_list: [[3, 18, 0, 0, 0, 1], [3, 0, 1, 0, 0, 1], [3, 7, 1, 0, 0, 1], [13, 21, 1, 1, 0, 1], [3, 18, 0, 0, 0, 0], [24, 18, 1, 0, 0, 1], [3, 18, 0, 1, 0, 0], [32, 18, 1, 1, 0, 0], [3, 1, 1, 0, 0, 1], [3, 18, 1, 1, 1, 0], [10, 18, 0, 1, 0, 1]] 


----------------iteration:24----------------
tabu_x_genes: [3, 18, 1, 1, 0, 1] 
p1: [0 3] 
p1==0 a girildideğişen: [15, 18, 1, 1, 0, 1] 
p1==2: e girildideğişen: [15, 18, 1, 0, 0, 1] 
solution y fitness: 20.44325 
delta: 2.3583333333333307 
gata_tabu_list: [[3, 0, 1, 0, 0, 1], [3, 7, 1, 0, 0, 1], [13, 21, 1, 1, 0, 1], [3, 18, 0, 0, 0, 0], [24, 18, 1, 0, 0, 1], [3, 18, 0, 1, 0, 0], [32, 18, 1, 1, 0, 0], [3, 1, 1, 0, 0, 1], [3, 18, 1, 1, 1, 0], [10, 18, 0, 1, 0, 1], [15, 18, 1, 0, 0, 1]] 


----------------iteration:25----------------
tabu_x_genes: [3, 18, 1, 1, 0, 1] 
p1: [5 4] 
p1==2: e girildideğişen: [3, 18, 1, 1, 0, 0] 
p1==2: e girildideğişen: [3, 18, 1, 1, 1, 0] 
p1: [2] 
p1==2: e girildideğişen: [3, 18, 0, 1, 1, 0] 
solution y fitness: 20.011916666666668 
delta: 1.9269999999999996 
gata_tabu_list: [[3, 7, 1, 0, 0, 1], [13, 21, 1, 1, 0, 1], [3, 18, 0, 0, 0, 0], [24, 18, 1, 0, 0, 1], [3, 18, 0, 1, 0, 0], [32, 18, 1, 1, 0, 0], [3, 1, 1, 0, 0, 1], [3, 18, 1, 1, 1, 0], [10, 18, 0, 1, 0, 1], [15, 18, 1, 0, 0, 1], [3, 18, 0, 1, 1, 0]] 


----------------iteration:26----------------
tabu_x_genes: [3, 18, 1, 1, 0, 1] 
p1: [1 4] 
p1==1 e girildideğişen: [3, 14, 1, 1, 0, 1] 
p1==2: e girildideğişen: [3, 14, 1, 1, 1, 1] 
solution y fitness: 21.024333333333335 
delta: 2.9394166666666663 
gata_tabu_list: [[13, 21, 1, 1, 0, 1], [3, 18, 0, 0, 0, 0], [24, 18, 1, 0, 0, 1], [3, 18, 0, 1, 0, 0], [32, 18, 1, 1, 0, 0], [3, 1, 1, 0, 0, 1], [3, 18, 1, 1, 1, 0], [10, 18, 0, 1, 0, 1], [15, 18, 1, 0, 0, 1], [3, 18, 0, 1, 1, 0], [3, 14, 1, 1, 1, 1]] 


----------------iteration:27----------------
tabu_x_genes: [3, 18, 1, 1, 0, 1] 
p1: [2 3] 
p1==2: e girildideğişen: [3, 18, 0, 1, 0, 1] 
p1==2: e girildideğişen: [3, 18, 0, 0, 0, 1] 
solution y fitness: 20.725875000000002 
delta: 2.6409583333333337 
gata_tabu_list: [[3, 18, 0, 0, 0, 0], [24, 18, 1, 0, 0, 1], [3, 18, 0, 1, 0, 0], [32, 18, 1, 1, 0, 0], [3, 1, 1, 0, 0, 1], [3, 18, 1, 1, 1, 0], [10, 18, 0, 1, 0, 1], [15, 18, 1, 0, 0, 1], [3, 18, 0, 1, 1, 0], [3, 14, 1, 1, 1, 1], [3, 18, 0, 0, 0, 1]] 


----------------iteration:28----------------
tabu_x_genes: [3, 18, 1, 1, 0, 1] 
p1: [1 3] 
p1==1 e girildideğişen: [3, 6, 1, 1, 0, 1] 
p1==2: e girildideğişen: [3, 6, 1, 0, 0, 1] 
solution y fitness: 18.715249999999997 
delta: 0.6303333333333292 
gata_tabu_list: [[24, 18, 1, 0, 0, 1], [3, 18, 0, 1, 0, 0], [32, 18, 1, 1, 0, 0], [3, 1, 1, 0, 0, 1], [3, 18, 1, 1, 1, 0], [10, 18, 0, 1, 0, 1], [15, 18, 1, 0, 0, 1], [3, 18, 0, 1, 1, 0], [3, 14, 1, 1, 1, 1], [3, 18, 0, 0, 0, 1], [3, 6, 1, 0, 0, 1]] 


----------------iteration:29----------------
tabu_x_genes: [3, 18, 1, 1, 0, 1] 
p1: [2 3] 
p1==2: e girildideğişen: [3, 18, 0, 1, 0, 1] 
p1==2: e girildideğişen: [3, 18, 0, 0, 0, 1] 
p1: [4] 
p1==2: e girildideğişen: [3, 18, 0, 0, 1, 1] 
solution y fitness: 21.185250000000003 
delta: 3.100333333333335 
gata_tabu_list: [[3, 18, 0, 1, 0, 0], [32, 18, 1, 1, 0, 0], [3, 1, 1, 0, 0, 1], [3, 18, 1, 1, 1, 0], [10, 18, 0, 1, 0, 1], [15, 18, 1, 0, 0, 1], [3, 18, 0, 1, 1, 0], [3, 14, 1, 1, 1, 1], [3, 18, 0, 0, 0, 1], [3, 6, 1, 0, 0, 1], [3, 18, 0, 0, 1, 1]] 


----------------iteration:30----------------
tabu_x_genes: [3, 18, 1, 1, 0, 1] 
p1: [3 0] 
p1==2: e girildideğişen: [3, 18, 1, 0, 0, 1] 
p1==0 a girildideğişen: [14, 18, 1, 0, 0, 1] 
solution y fitness: 20.606416666666664 
delta: 2.521499999999996 
gata_tabu_list: [[32, 18, 1, 1, 0, 0], [3, 1, 1, 0, 0, 1], [3, 18, 1, 1, 1, 0], [10, 18, 0, 1, 0, 1], [15, 18, 1, 0, 0, 1], [3, 18, 0, 1, 1, 0], [3, 14, 1, 1, 1, 1], [3, 18, 0, 0, 0, 1], [3, 6, 1, 0, 0, 1], [3, 18, 0, 0, 1, 1], [14, 18, 1, 0, 0, 1]] 


----------------iteration:31----------------
tabu_x_genes: [3, 18, 1, 1, 0, 1] 
p1: [2 3] 
p1==2: e girildideğişen: [3, 18, 0, 1, 0, 1] 
p1==2: e girildideğişen: [3, 18, 0, 0, 0, 1] 
p1: [5] 
p1==2: e girildideğişen: [3, 18, 0, 0, 0, 0] 
solution y fitness: 20.647166666666667 
delta: 2.562249999999999 
gata_tabu_list: [[3, 1, 1, 0, 0, 1], [3, 18, 1, 1, 1, 0], [10, 18, 0, 1, 0, 1], [15, 18, 1, 0, 0, 1], [3, 18, 0, 1, 1, 0], [3, 14, 1, 1, 1, 1], [3, 18, 0, 0, 0, 1], [3, 6, 1, 0, 0, 1], [3, 18, 0, 0, 1, 1], [14, 18, 1, 0, 0, 1], [3, 18, 0, 0, 0, 0]] 


----------------iteration:32----------------
tabu_x_genes: [3, 18, 1, 1, 0, 1] 
p1: [3 2] 
p1==2: e girildideğişen: [3, 18, 1, 0, 0, 1] 
p1==2: e girildideğişen: [3, 18, 0, 0, 0, 1] 
p1: [0] 
p1==0 a girildideğişen: [27, 18, 0, 0, 0, 1] 
solution y fitness: 34.84321666666666 
delta: 16.758299999999995 
gata_tabu_list: [[3, 18, 1, 1, 1, 0], [10, 18, 0, 1, 0, 1], [15, 18, 1, 0, 0, 1], [3, 18, 0, 1, 1, 0], [3, 14, 1, 1, 1, 1], [3, 18, 0, 0, 0, 1], [3, 6, 1, 0, 0, 1], [3, 18, 0, 0, 1, 1], [14, 18, 1, 0, 0, 1], [3, 18, 0, 0, 0, 0], [27, 18, 0, 0, 0, 1]] 


----------------iteration:33----------------
tabu_x_genes: [3, 18, 1, 1, 0, 1] 
p1: [1 0] 
p1==1 e girildideğişen: [3, 3, 1, 1, 0, 1] 
p1==0 a girildideğişen: [29, 3, 1, 1, 0, 1] 
solution y fitness: 21.00358333333333 
delta: 2.918666666666663 
gata_tabu_list: [[10, 18, 0, 1, 0, 1], [15, 18, 1, 0, 0, 1], [3, 18, 0, 1, 1, 0], [3, 14, 1, 1, 1, 1], [3, 18, 0, 0, 0, 1], [3, 6, 1, 0, 0, 1], [3, 18, 0, 0, 1, 1], [14, 18, 1, 0, 0, 1], [3, 18, 0, 0, 0, 0], [27, 18, 0, 0, 0, 1], [29, 3, 1, 1, 0, 1]] 


----------------iteration:34----------------
tabu_x_genes: [3, 18, 1, 1, 0, 1] 
p1: [5 0] 
p1==2: e girildideğişen: [3, 18, 1, 1, 0, 0] 
p1==0 a girildideğişen: [19, 18, 1, 1, 0, 0] 
solution y fitness: 21.90786666666667 
delta: 3.8229500000000023 
gata_tabu_list: [[15, 18, 1, 0, 0, 1], [3, 18, 0, 1, 1, 0], [3, 14, 1, 1, 1, 1], [3, 18, 0, 0, 0, 1], [3, 6, 1, 0, 0, 1], [3, 18, 0, 0, 1, 1], [14, 18, 1, 0, 0, 1], [3, 18, 0, 0, 0, 0], [27, 18, 0, 0, 0, 1], [29, 3, 1, 1, 0, 1], [19, 18, 1, 1, 0, 0]] 


----------------iteration:35----------------
tabu_x_genes: [3, 18, 1, 1, 0, 1] 
p1: [4 3] 
p1==2: e girildideğişen: [3, 18, 1, 1, 1, 1] 
p1==2: e girildideğişen: [3, 18, 1, 0, 1, 1] 
solution y fitness: 20.7915 
delta: 2.706583333333331 
gata_tabu_list: [[3, 18, 0, 1, 1, 0], [3, 14, 1, 1, 1, 1], [3, 18, 0, 0, 0, 1], [3, 6, 1, 0, 0, 1], [3, 18, 0, 0, 1, 1], [14, 18, 1, 0, 0, 1], [3, 18, 0, 0, 0, 0], [27, 18, 0, 0, 0, 1], [29, 3, 1, 1, 0, 1], [19, 18, 1, 1, 0, 0], [3, 18, 1, 0, 1, 1]] 


----------------iteration:36----------------
tabu_x_genes: [3, 18, 1, 1, 0, 1] 
p1: [3 4] 
p1==2: e girildideğişen: [3, 18, 1, 0, 0, 1] 
p1==2: e girildideğişen: [3, 18, 1, 0, 1, 1] 
p1: [5] 
p1==2: e girildideğişen: [3, 18, 1, 0, 1, 0] 
solution y fitness: 20.403291666666668 
delta: 2.3183749999999996 
gata_tabu_list: [[3, 14, 1, 1, 1, 1], [3, 18, 0, 0, 0, 1], [3, 6, 1, 0, 0, 1], [3, 18, 0, 0, 1, 1], [14, 18, 1, 0, 0, 1], [3, 18, 0, 0, 0, 0], [27, 18, 0, 0, 0, 1], [29, 3, 1, 1, 0, 1], [19, 18, 1, 1, 0, 0], [3, 18, 1, 0, 1, 1], [3, 18, 1, 0, 1, 0]] 


----------------iteration:37----------------
tabu_x_genes: [3, 18, 1, 1, 0, 1] 
p1: [0 2] 
p1==0 a girildideğişen: [24, 18, 1, 1, 0, 1] 
p1==2: e girildideğişen: [24, 18, 0, 1, 0, 1] 
solution y fitness: 29.541725 
delta: 11.456808333333331 
gata_tabu_list: [[3, 18, 0, 0, 0, 1], [3, 6, 1, 0, 0, 1], [3, 18, 0, 0, 1, 1], [14, 18, 1, 0, 0, 1], [3, 18, 0, 0, 0, 0], [27, 18, 0, 0, 0, 1], [29, 3, 1, 1, 0, 1], [19, 18, 1, 1, 0, 0], [3, 18, 1, 0, 1, 1], [3, 18, 1, 0, 1, 0], [24, 18, 0, 1, 0, 1]] 


----------------iteration:38----------------
tabu_x_genes: [3, 18, 1, 1, 0, 1] 
p1: [2 0] 
p1==2: e girildideğişen: [3, 18, 0, 1, 0, 1] 
p1==0 a girildideğişen: [0, 18, 0, 1, 0, 1] 
solution y fitness: 19.035287500000003 
delta: 0.9503708333333343 
gata_tabu_list: [[3, 6, 1, 0, 0, 1], [3, 18, 0, 0, 1, 1], [14, 18, 1, 0, 0, 1], [3, 18, 0, 0, 0, 0], [27, 18, 0, 0, 0, 1], [29, 3, 1, 1, 0, 1], [19, 18, 1, 1, 0, 0], [3, 18, 1, 0, 1, 1], [3, 18, 1, 0, 1, 0], [24, 18, 0, 1, 0, 1], [0, 18, 0, 1, 0, 1]] 


----------------iteration:39----------------
tabu_x_genes: [3, 18, 1, 1, 0, 1] 
p1: [2 4] 
p1==2: e girildideğişen: [3, 18, 0, 1, 0, 1] 
p1==2: e girildideğişen: [3, 18, 0, 1, 1, 1] 
solution y fitness: 20.090624999999996 
delta: 2.0057083333333274 
gata_tabu_list: [[3, 18, 0, 0, 1, 1], [14, 18, 1, 0, 0, 1], [3, 18, 0, 0, 0, 0], [27, 18, 0, 0, 0, 1], [29, 3, 1, 1, 0, 1], [19, 18, 1, 1, 0, 0], [3, 18, 1, 0, 1, 1], [3, 18, 1, 0, 1, 0], [24, 18, 0, 1, 0, 1], [0, 18, 0, 1, 0, 1], [3, 18, 0, 1, 1, 1]] 


----------------iteration:40----------------
tabu_x_genes: [3, 18, 1, 1, 0, 1] 
p1: [5 3] 
p1==2: e girildideğişen: [3, 18, 1, 1, 0, 0] 
p1==2: e girildideğişen: [3, 18, 1, 0, 0, 0] 
solution y fitness: 19.805333333333333 
delta: 1.7204166666666652 
gata_tabu_list: [[14, 18, 1, 0, 0, 1], [3, 18, 0, 0, 0, 0], [27, 18, 0, 0, 0, 1], [29, 3, 1, 1, 0, 1], [19, 18, 1, 1, 0, 0], [3, 18, 1, 0, 1, 1], [3, 18, 1, 0, 1, 0], [24, 18, 0, 1, 0, 1], [0, 18, 0, 1, 0, 1], [3, 18, 0, 1, 1, 1], [3, 18, 1, 0, 0, 0]] 


----------------iteration:41----------------
tabu_x_genes: [3, 18, 1, 1, 0, 1] 
p1: [3 1] 
p1==2: e girildideğişen: [3, 18, 1, 0, 0, 1] 
p1==1 e girildideğişen: [3, 9, 1, 0, 0, 1] 
solution y fitness: 18.7755 
delta: 0.6905833333333327 
gata_tabu_list: [[3, 18, 0, 0, 0, 0], [27, 18, 0, 0, 0, 1], [29, 3, 1, 1, 0, 1], [19, 18, 1, 1, 0, 0], [3, 18, 1, 0, 1, 1], [3, 18, 1, 0, 1, 0], [24, 18, 0, 1, 0, 1], [0, 18, 0, 1, 0, 1], [3, 18, 0, 1, 1, 1], [3, 18, 1, 0, 0, 0], [3, 9, 1, 0, 0, 1]] 


----------------iteration:42----------------
tabu_x_genes: [3, 18, 1, 1, 0, 1] 
p1: [5 0] 
p1==2: e girildideğişen: [3, 18, 1, 1, 0, 0] 
p1==0 a girildideğişen: [31, 18, 1, 1, 0, 0] 
solution y fitness: 20.107791666666667 
delta: 2.022874999999999 
gata_tabu_list: [[27, 18, 0, 0, 0, 1], [29, 3, 1, 1, 0, 1], [19, 18, 1, 1, 0, 0], [3, 18, 1, 0, 1, 1], [3, 18, 1, 0, 1, 0], [24, 18, 0, 1, 0, 1], [0, 18, 0, 1, 0, 1], [3, 18, 0, 1, 1, 1], [3, 18, 1, 0, 0, 0], [3, 9, 1, 0, 0, 1], [31, 18, 1, 1, 0, 0]] 


----------------iteration:43----------------
tabu_x_genes: [3, 18, 1, 1, 0, 1] 
p1: [2 3] 
p1==2: e girildideğişen: [3, 18, 0, 1, 0, 1] 
p1==2: e girildideğişen: [3, 18, 0, 0, 0, 1] 
solution y fitness: 20.725875000000002 
delta: 2.6409583333333337 
gata_tabu_list: [[29, 3, 1, 1, 0, 1], [19, 18, 1, 1, 0, 0], [3, 18, 1, 0, 1, 1], [3, 18, 1, 0, 1, 0], [24, 18, 0, 1, 0, 1], [0, 18, 0, 1, 0, 1], [3, 18, 0, 1, 1, 1], [3, 18, 1, 0, 0, 0], [3, 9, 1, 0, 0, 1], [31, 18, 1, 1, 0, 0], [3, 18, 0, 0, 0, 1]] 


----------------iteration:44----------------
tabu_x_genes: [3, 18, 1, 1, 0, 1] 
p1: [5 3] 
p1==2: e girildideğişen: [3, 18, 1, 1, 0, 0] 
p1==2: e girildideğişen: [3, 18, 1, 0, 0, 0] 
p1: [1] 
p1==1 e girildideğişen: [3, 22, 1, 0, 0, 0] 
solution y fitness: 21.616500000000002 
delta: 3.5315833333333337 
gata_tabu_list: [[19, 18, 1, 1, 0, 0], [3, 18, 1, 0, 1, 1], [3, 18, 1, 0, 1, 0], [24, 18, 0, 1, 0, 1], [0, 18, 0, 1, 0, 1], [3, 18, 0, 1, 1, 1], [3, 18, 1, 0, 0, 0], [3, 9, 1, 0, 0, 1], [31, 18, 1, 1, 0, 0], [3, 18, 0, 0, 0, 1], [3, 22, 1, 0, 0, 0]] 


----------------iteration:45----------------
tabu_x_genes: [3, 18, 1, 1, 0, 1] 
p1: [1 4] 
p1==1 e girildideğişen: [3, 13, 1, 1, 0, 1] 
p1==2: e girildideğişen: [3, 13, 1, 1, 1, 1] 
solution y fitness: 21.002833333333335 
delta: 2.9179166666666667 
gata_tabu_list: [[3, 18, 1, 0, 1, 1], [3, 18, 1, 0, 1, 0], [24, 18, 0, 1, 0, 1], [0, 18, 0, 1, 0, 1], [3, 18, 0, 1, 1, 1], [3, 18, 1, 0, 0, 0], [3, 9, 1, 0, 0, 1], [31, 18, 1, 1, 0, 0], [3, 18, 0, 0, 0, 1], [3, 22, 1, 0, 0, 0], [3, 13, 1, 1, 1, 1]] 


----------------iteration:46----------------
tabu_x_genes: [3, 18, 1, 1, 0, 1] 
p1: [0 1] 
p1==0 a girildideğişen: [32, 18, 1, 1, 0, 1] 
p1==1 e girildideğişen: [32, 17, 1, 1, 0, 1] 
solution y fitness: 21.684666666666665 
delta: 3.5997499999999967 
gata_tabu_list: [[3, 18, 1, 0, 1, 0], [24, 18, 0, 1, 0, 1], [0, 18, 0, 1, 0, 1], [3, 18, 0, 1, 1, 1], [3, 18, 1, 0, 0, 0], [3, 9, 1, 0, 0, 1], [31, 18, 1, 1, 0, 0], [3, 18, 0, 0, 0, 1], [3, 22, 1, 0, 0, 0], [3, 13, 1, 1, 1, 1], [32, 17, 1, 1, 0, 1]] 


----------------iteration:47----------------
tabu_x_genes: [3, 18, 1, 1, 0, 1] 
p1: [0 1] 
p1==0 a girildideğişen: [15, 18, 1, 1, 0, 1] 
p1==1 e girildideğişen: [15, 12, 1, 1, 0, 1] 
solution y fitness: 18.737583333333333 
delta: 0.652666666666665 
gata_tabu_list: [[24, 18, 0, 1, 0, 1], [0, 18, 0, 1, 0, 1], [3, 18, 0, 1, 1, 1], [3, 18, 1, 0, 0, 0], [3, 9, 1, 0, 0, 1], [31, 18, 1, 1, 0, 0], [3, 18, 0, 0, 0, 1], [3, 22, 1, 0, 0, 0], [3, 13, 1, 1, 1, 1], [32, 17, 1, 1, 0, 1], [15, 12, 1, 1, 0, 1]] 


----------------iteration:48----------------
tabu_x_genes: [3, 18, 1, 1, 0, 1] 
p1: [3 5] 
p1==2: e girildideğişen: [3, 18, 1, 0, 0, 1] 
p1==2: e girildideğişen: [3, 18, 1, 0, 0, 0] 
p1: [3] 
p1==2: e girildideğişen: [3, 18, 1, 0, 0, 0] 
p1: [2] 
p1==2: e girildideğişen: [3, 18, 0, 0, 0, 0] 
solution y fitness: 20.647166666666667 
delta: 2.562249999999999 
gata_tabu_list: [[0, 18, 0, 1, 0, 1], [3, 18, 0, 1, 1, 1], [3, 18, 1, 0, 0, 0], [3, 9, 1, 0, 0, 1], [31, 18, 1, 1, 0, 0], [3, 18, 0, 0, 0, 1], [3, 22, 1, 0, 0, 0], [3, 13, 1, 1, 1, 1], [32, 17, 1, 1, 0, 1], [15, 12, 1, 1, 0, 1], [3, 18, 0, 0, 0, 0]] 


----------------iteration:49----------------
tabu_x_genes: [3, 18, 1, 1, 0, 1] 
p1: [4 0] 
p1==2: e girildideğişen: [3, 18, 1, 1, 1, 1] 
p1==0 a girildideğişen: [28, 18, 1, 1, 1, 1] 
solution y fitness: 21.084302083333334 
delta: 2.999385416666666 
gata_tabu_list: [[3, 18, 0, 1, 1, 1], [3, 18, 1, 0, 0, 0], [3, 9, 1, 0, 0, 1], [31, 18, 1, 1, 0, 0], [3, 18, 0, 0, 0, 1], [3, 22, 1, 0, 0, 0], [3, 13, 1, 1, 1, 1], [32, 17, 1, 1, 0, 1], [15, 12, 1, 1, 0, 1], [3, 18, 0, 0, 0, 0], [28, 18, 1, 1, 1, 1]] 


----------------iteration:50----------------
tabu_x_genes: [3, 18, 1, 1, 0, 1] 
p1: [4 5] 
p1==2: e girildideğişen: [3, 18, 1, 1, 1, 1] 
p1==2: e girildideğişen: [3, 18, 1, 1, 1, 0] 
solution y fitness: 19.521166666666666 
delta: 1.4362499999999976 
gata_tabu_list: [[3, 18, 1, 0, 0, 0], [3, 9, 1, 0, 0, 1], [31, 18, 1, 1, 0, 0], [3, 18, 0, 0, 0, 1], [3, 22, 1, 0, 0, 0], [3, 13, 1, 1, 1, 1], [32, 17, 1, 1, 0, 1], [15, 12, 1, 1, 0, 1], [3, 18, 0, 0, 0, 0], [28, 18, 1, 1, 1, 1], [3, 18, 1, 1, 1, 0]] 
