----------------------------------------------------------------------------------------------------
Initial Swarm w=2, c1=10, c2=15
----------------------------------------------------------------------------------------------------
id    dd    dsp   routes                         fitness pbest  swarm: 0  
----------------------------------------------------------------------------------------------------
0     8     13    [0, 0, 0, 1]                   26.86  26.86 
1     1     6     [0, 0, 1, 1]                   21.5   21.5  
2     8     6     [0, 1, 1, 1]                   26.56  26.56 
3     33    9     [1, 1, 1, 0]                   20.63  20.63 
4     7     18    [1, 1, 0, 1]                   22.0   22.0  
5     26    1     [0, 1, 1, 0]                   31.24  31.24 
6     0     14    [0, 0, 1, 0]                   25.04  25.04 
7     27    0     [1, 1, 0, 0]                   29.63  29.63 
8     9     21    [0, 0, 1, 1]                   31.79  31.79 
9     25    9     [1, 0, 0, 0]                   29.13  29.13 
----------------------------------------------------------------------------------------------------
gbest: 20.63 gbest_particle: [33, 9, 1, 1, 1, 0]


----------------------------------------------------------------------------------------------------

----------------------------------------------------------------------------------------------------
id    dd    dsp   routes                         fitness pbest  swarm: 1   
----------------------------------------------------------------------------------------------------
0     8     13    [0, 0, 0, 1]                   26.86  26.86 
1     1     6     [0, 0, 1, 1]                   21.5   21.5  
2     8     6     [0, 1, 1, 1]                   26.56  26.56 
3     33    9     [1, 1, 1, 0]                   20.63  20.63 
4     7     18    [1, 1, 0, 1]                   22.0   22.0  
5     26    1     [0, 1, 1, 0]                   31.24  31.24 
6     0     14    [0, 0, 1, 0]                   25.04  25.04 
7     27    0     [1, 1, 0, 0]                   29.63  29.63 
8     9     21    [0, 0, 1, 1]                   31.79  31.79 
9     25    9     [1, 0, 0, 0]                   29.13  29.13 

----------------------------------------------------------------------------------------------------
gbest: 19.23 gbest_particle: 7


----------------------------------------------------------------------------------------------------

----------------------------------------------------------------------------------------------------
id    dd    dsp   routes                         fitness pbest  swarm: 2   
----------------------------------------------------------------------------------------------------
0     25    2     [1, 1, 1, 0]                   28.34  26.86 
1     2     22    [0, 0, 1, 1]                   24.35  21.5  
2     8     9     [0, 1, 1, 1]                   26.49  26.49 
3     32    0     [0, 0, 0, 0]                   25.65  20.63 
4     15    0     [1, 1, 0, 0]                   28.77  22.0  
5     35    12    [1, 0, 1, 0]                   22.22  22.22 
6     1     5     [0, 0, 1, 0]                   21.8   21.8  
7     6     6     [0, 1, 0, 1]                   19.23  19.23 
8     9     21    [1, 0, 1, 0]                   29.41  29.41 
9     19    7     [1, 0, 1, 0]                   23.94  23.94 

----------------------------------------------------------------------------------------------------
gbest: 19.23 gbest_particle: 7


----------------------------------------------------------------------------------------------------

----------------------------------------------------------------------------------------------------
id    dd    dsp   routes                         fitness pbest  swarm: 3   
----------------------------------------------------------------------------------------------------
0     8     20    [0, 0, 0, 1]                   25.98  25.98 
1     2     18    [1, 0, 0, 0]                   21.8   21.5  
2     8     21    [1, 1, 1, 1]                   24.92  24.92 
3     6     1     [1, 1, 0, 0]                   20.09  20.09 
4     14    7     [0, 1, 0, 1]                   20.6   20.6  
5     11    10    [0, 0, 1, 0]                   25.38  22.22 
6     0     14    [0, 1, 1, 1]                   21.17  21.17 
7     24    13    [0, 1, 0, 0]                   28.12  19.23 
8     28    20    [0, 0, 1, 0]                   29.79  29.41 
9     11    17    [1, 1, 1, 1]                   21.52  21.52 

----------------------------------------------------------------------------------------------------
gbest: 18.04 gbest_particle: 7


----------------------------------------------------------------------------------------------------

----------------------------------------------------------------------------------------------------
id    dd    dsp   routes                         fitness pbest  swarm: 4   
----------------------------------------------------------------------------------------------------
0     3     20    [0, 1, 0, 1]                   31.38  25.98 
1     0     20    [0, 1, 0, 1]                   20.6   20.6  
2     14    20    [0, 1, 1, 0]                   20.66  20.66 
3     8     1     [1, 1, 1, 1]                   25.38  20.09 
4     26    22    [1, 1, 0, 1]                   30.07  20.6  
5     21    1     [0, 1, 1, 1]                   27.73  22.22 
6     30    13    [1, 0, 1, 0]                   20.19  20.19 
7     5     12    [1, 1, 0, 0]                   18.04  18.04 
8     7     21    [0, 0, 0, 0]                   26.75  26.75 
9     7     0     [1, 0, 0, 0]                   21.7   21.52 

----------------------------------------------------------------------------------------------------
gbest: 18.04 gbest_particle: 7


----------------------------------------------------------------------------------------------------

----------------------------------------------------------------------------------------------------
id    dd    dsp   routes                         fitness pbest  swarm: 5   
----------------------------------------------------------------------------------------------------
0     33    18    [0, 0, 1, 0]                   27.74  25.98 
1     35    0     [0, 1, 0, 1]                   21.65  20.6  
2     30    19    [1, 1, 1, 0]                   19.39  19.39 
3     23    1     [1, 1, 1, 0]                   26.99  20.09 
4     31    12    [1, 1, 0, 1]                   18.99  18.99 
5     3     11    [0, 1, 1, 0]                   25.63  22.22 
6     11    5     [1, 1, 1, 0]                   20.77  20.19 
7     3     2     [1, 1, 0, 1]                   23.88  18.04 
8     27    9     [1, 0, 0, 1]                   33.76  26.75 
9     15    13    [0, 1, 0, 0]                   27.61  21.52 

----------------------------------------------------------------------------------------------------
gbest: 18.04 gbest_particle: 7


----------------------------------------------------------------------------------------------------

----------------------------------------------------------------------------------------------------
id    dd    dsp   routes                         fitness pbest  swarm: 6   
----------------------------------------------------------------------------------------------------
0     18    7     [1, 1, 0, 0]                   20.55  20.55 
1     15    13    [0, 0, 0, 0]                   29.37  20.6  
2     33    13    [1, 1, 0, 0]                   20.07  19.39 
3     30    9     [1, 1, 0, 0]                   18.85  18.85 
4     7     1     [0, 1, 0, 1]                   21.19  18.99 
5     23    0     [0, 1, 0, 0]                   26.88  22.22 
6     27    19    [1, 0, 1, 1]                   35.53  20.19 
7     12    13    [1, 1, 0, 1]                   19.78  18.04 
8     27    21    [1, 1, 1, 0]                   30.8   26.75 
9     9     1     [1, 0, 0, 0]                   25.27  21.52 

----------------------------------------------------------------------------------------------------
gbest: 18.04 gbest_particle: 7


----------------------------------------------------------------------------------------------------

----------------------------------------------------------------------------------------------------
id    dd    dsp   routes                         fitness pbest  swarm: 7   
----------------------------------------------------------------------------------------------------
0     3     18    [1, 1, 0, 1]                   20.58  20.55 
1     8     15    [1, 1, 1, 1]                   24.9   20.6  
2     26    13    [1, 1, 0, 0]                   28.58  19.39 
3     23    1     [1, 1, 0, 0]                   25.77  18.85 
4     5     10    [0, 0, 0, 0]                   31.22  18.99 
5     32    0     [0, 1, 0, 1]                   20.21  20.21 
6     22    12    [0, 1, 0, 0]                   25.59  20.19 
7     21    9     [1, 1, 0, 1]                   25.63  18.04 
8     19    17    [1, 0, 0, 1]                   24.05  24.05 
9     21    19    [1, 0, 0, 0]                   26.27  21.52 

----------------------------------------------------------------------------------------------------
gbest: 17.95 gbest_particle: 9


----------------------------------------------------------------------------------------------------

----------------------------------------------------------------------------------------------------
id    dd    dsp   routes                         fitness pbest  swarm: 8   
----------------------------------------------------------------------------------------------------
0     28    11    [0, 0, 0, 1]                   31.49  20.55 
1     17    1     [0, 0, 0, 1]                   29.42  20.6  
2     25    15    [1, 1, 0, 0]                   26.66  19.39 
3     25    0     [0, 1, 0, 0]                   28.47  18.85 
4     16    0     [1, 0, 0, 1]                   28.01  18.99 
5     7     9     [1, 0, 1, 0]                   22.15  20.21 
6     11    2     [1, 1, 1, 1]                   21.56  20.19 
7     23    21    [0, 0, 0, 0]                   27.55  18.04 
8     11    6     [0, 1, 0, 0]                   19.36  19.36 
9     5     21    [1, 1, 0, 0]                   17.95  17.95 

----------------------------------------------------------------------------------------------------
gbest: 17.95 gbest_particle: 9


----------------------------------------------------------------------------------------------------

----------------------------------------------------------------------------------------------------
id    dd    dsp   routes                         fitness pbest  swarm: 9   
----------------------------------------------------------------------------------------------------
0     35    7     [1, 0, 1, 0]                   22.07  20.55 
1     7     15    [1, 0, 1, 1]                   22.58  20.6  
2     19    1     [1, 0, 1, 0]                   24.09  19.39 
3     6     20    [0, 0, 1, 0]                   25.45  18.85 
4     0     9     [1, 0, 0, 0]                   18.83  18.83 
5     15    12    [0, 1, 0, 1]                   20.01  20.01 
6     11    15    [0, 0, 0, 0]                   26.96  20.19 
7     27    21    [1, 1, 0, 0]                   29.73  18.04 
8     31    5     [0, 1, 0, 0]                   23.76  19.36 
9     31    18    [1, 1, 1, 1]                   24.43  17.95 

----------------------------------------------------------------------------------------------------
gbest: 17.95 gbest_particle: 9


----------------------------------------------------------------------------------------------------
