Initial Swarm
----------------------------------------------------------------------------------------------------
id    dd    dsp   routes                         fitness pbest  swarm: 0  
----------------------------------------------------------------------------------------------------
0     34    6     [0, 1, 0, 0]                   25.09  25.09 
1     22    12    [0, 1, 1, 0]                   26.68  26.68 
2     29    14    [0, 0, 1, 1]                   25.65  25.65 
3     0     1     [0, 1, 1, 1]                   19.43  19.43 
4     31    18    [1, 1, 1, 1]                   24.43  24.43 
5     26    15    [1, 0, 0, 1]                   31.56  31.56 
6     16    15    [1, 1, 1, 1]                   29.83  29.83 
7     30    2     [1, 0, 0, 1]                   20.41  20.41 
8     33    0     [1, 0, 1, 0]                   26.54  26.54 
9     23    0     [0, 0, 0, 0]                   28.84  28.84 
----------------------------------------------------------------------------------------------------
gbest: 19.43 gbest_particle: [0, 1, 0, 1, 1, 1]


----------------------------------------------------------------------------------------------------
id    dd    dsp   routes                         fitness pbest  1         ----------------------------------------------------------------------------------------------------
0     18    6     [0, 1, 0, 0]                   19.28  19.28 
1     22    12    [0, 0, 1, 0]                   28.4   26.68 
2     29    14    [0, 1, 1, 1]                   19.54  19.54 
3     0     1     [0, 1, 1, 1]                   19.43  19.43 
4     31    18    [1, 1, 1, 1]                   24.43  24.43 
5     26    15    [1, 1, 1, 1]                   30.74  30.74 
6     16    15    [1, 1, 1, 1]                   29.83  29.83 
7     30    1     [1, 0, 0, 1]                   20.41  20.41 
8     33    0     [1, 0, 1, 1]                   21.94  21.94 
9     0     0     [0, 0, 0, 0]                   21.04  21.04 
----------------------------------------------------------------------------------------------------
gbest: 19.28 gbest_particle: [18, 6, 0, 1, 0, 0]


----------------------------------------------------------------------------------------------------
id    dd    dsp   routes                         fitness pbest  2         ----------------------------------------------------------------------------------------------------
0     18    6     [0, 0, 0, 0]                   22.63  19.28 
1     18    11    [0, 0, 1, 0]                   23.62  23.62 
2     29    14    [0, 1, 0, 0]                   28.98  19.54 
3     0     1     [0, 1, 0, 1]                   20.58  19.43 
4     31    18    [1, 1, 1, 1]                   24.43  24.43 
5     13    6     [1, 1, 1, 1]                   23.92  23.92 
6     16    6     [1, 1, 1, 1]                   24.02  24.02 
7     18    1     [1, 0, 0, 1]                   21.3   20.41 
8     33    0     [0, 1, 1, 1]                   21.97  21.94 
9     30    6     [0, 0, 0, 0]                   20.25  20.25 
----------------------------------------------------------------------------------------------------
gbest: 19.28 gbest_particle: [18, 6, 0, 1, 0, 0]


----------------------------------------------------------------------------------------------------
id    dd    dsp   routes                         fitness pbest  3         ----------------------------------------------------------------------------------------------------
0     18    6     [0, 1, 0, 0]                   18.4   18.4  
1     18    11    [0, 0, 1, 0]                   24.69  23.62 
2     29    0     [0, 1, 0, 0]                   23.79  19.54 
3     12    1     [0, 1, 0, 1]                   19.95  19.43 
4     31    18    [1, 1, 1, 0]                   24.12  24.12 
5     0     6     [0, 1, 1, 1]                   19.31  19.31 
6     16    6     [0, 1, 1, 1]                   19.2   19.2  
7     18    19    [1, 0, 0, 0]                   25.93  20.41 
8     33    0     [0, 0, 0, 1]                   27.26  21.94 
9     30    14    [0, 0, 0, 0]                   31.18  20.25 
----------------------------------------------------------------------------------------------------
gbest: 18.4 gbest_particle: [18, 6, 0, 1, 0, 0]


----------------------------------------------------------------------------------------------------
id    dd    dsp   routes                         fitness pbest  4         ----------------------------------------------------------------------------------------------------
0     18    6     [0, 1, 0, 0]                   21.18  18.4  
1     7     11    [0, 0, 1, 0]                   22.44  22.44 
2     29    0     [0, 1, 0, 0]                   23.79  19.54 
3     18    1     [0, 1, 0, 1]                   22.26  19.43 
4     31    18    [1, 1, 1, 0]                   24.12  24.12 
5     32    6     [0, 1, 1, 0]                   20.25  19.31 
6     16    21    [0, 1, 1, 1]                   22.6   19.2  
7     18    19    [1, 0, 0, 1]                   22.37  20.41 
8     33    0     [1, 0, 0, 1]                   21.54  21.54 
9     30    6     [1, 0, 0, 0]                   24.93  20.25 
----------------------------------------------------------------------------------------------------
gbest: 18.4 gbest_particle: [18, 6, 0, 1, 0, 0]


----------------------------------------------------------------------------------------------------
id    dd    dsp   routes                         fitness pbest  5         ----------------------------------------------------------------------------------------------------
0     18    6     [0, 1, 0, 0]                   19.72  18.4  
1     7     6     [1, 0, 1, 0]                   21.84  21.84 
2     29    0     [0, 1, 1, 0]                   23.91  19.54 
3     18    1     [0, 1, 1, 1]                   27.04  19.43 
4     31    6     [1, 1, 1, 0]                   18.72  18.72 
5     18    6     [0, 1, 1, 0]                   20.9   19.31 
6     21    6     [0, 1, 1, 1]                   27.6   19.2  
7     18    19    [1, 0, 0, 0]                   21.89  20.41 
8     33    0     [1, 0, 0, 0]                   30.82  21.54 
9     30    6     [1, 1, 0, 0]                   18.83  18.83 
----------------------------------------------------------------------------------------------------
gbest: 18.4 gbest_particle: [18, 6, 0, 1, 0, 0]


----------------------------------------------------------------------------------------------------
id    dd    dsp   routes                         fitness pbest  6         ----------------------------------------------------------------------------------------------------
0     23    6     [0, 1, 0, 0]                   26.85  18.4  
1     18    6     [1, 0, 1, 0]                   19.68  19.68 
2     29    0     [0, 1, 1, 0]                   23.91  19.54 
3     18    2     [0, 1, 1, 1]                   21.99  19.43 
4     31    6     [1, 1, 1, 0]                   18.72  18.72 
5     18    6     [0, 1, 0, 0]                   19.85  19.31 
6     18    6     [0, 1, 0, 1]                   21.74  19.2  
7     18    19    [1, 0, 0, 0]                   21.76  20.41 
8     33    6     [1, 0, 0, 0]                   21.19  21.19 
9     30    6     [0, 1, 0, 0]                   24.18  18.83 
----------------------------------------------------------------------------------------------------
gbest: 18.4 gbest_particle: [18, 6, 0, 1, 0, 0]


----------------------------------------------------------------------------------------------------
id    dd    dsp   routes                         fitness pbest  7         ----------------------------------------------------------------------------------------------------
0     23    6     [0, 1, 0, 0]                   26.85  18.4  
1     18    6     [1, 0, 1, 0]                   24.0   19.68 
2     18    21    [0, 1, 1, 0]                   22.09  19.54 
3     18    2     [0, 1, 1, 0]                   24.86  19.43 
4     18    6     [1, 1, 1, 0]                   19.49  18.72 
5     18    6     [0, 1, 0, 0]                   21.0   19.31 
6     18    6     [0, 1, 0, 1]                   21.64  19.2  
7     18    19    [1, 0, 0, 1]                   21.48  20.41 
8     18    7     [1, 0, 0, 0]                   25.39  21.19 
9     30    6     [0, 1, 1, 0]                   20.02  18.83 
----------------------------------------------------------------------------------------------------
gbest: 18.4 gbest_particle: [18, 6, 0, 1, 0, 0]


----------------------------------------------------------------------------------------------------
id    dd    dsp   routes                         fitness pbest  8         ----------------------------------------------------------------------------------------------------
0     23    6     [0, 0, 0, 0]                   28.2   18.4  
1     18    6     [1, 0, 1, 0]                   21.66  19.68 
2     25    21    [0, 1, 0, 0]                   27.81  19.54 
3     18    2     [0, 1, 0, 0]                   25.34  19.43 
4     18    6     [1, 1, 1, 0]                   19.94  18.72 
5     0     6     [0, 1, 1, 0]                   23.78  19.31 
6     16    9     [0, 1, 0, 1]                   23.03  19.2  
7     18    1     [1, 0, 0, 1]                   21.66  20.41 
8     33    7     [0, 0, 0, 0]                   21.69  21.19 
9     27    6     [0, 1, 0, 0]                   31.12  18.83 
----------------------------------------------------------------------------------------------------
gbest: 18.4 gbest_particle: [18, 6, 0, 1, 0, 0]


----------------------------------------------------------------------------------------------------
id    dd    dsp   routes                         fitness pbest  9         ----------------------------------------------------------------------------------------------------
0     23    6     [0, 0, 0, 0]                   28.2   18.4  
1     18    6     [0, 0, 1, 0]                   25.01  19.68 
2     18    21    [0, 1, 0, 0]                   26.34  19.54 
3     18    2     [0, 1, 0, 0]                   26.26  19.43 
4     18    6     [1, 1, 1, 0]                   23.31  18.72 
5     0     6     [0, 1, 1, 0]                   23.78  19.31 
6     16    9     [0, 1, 0, 1]                   23.03  19.2  
7     18    6     [1, 0, 0, 1]                   25.67  20.41 
8     33    7     [0, 1, 0, 1]                   21.39  21.19 
9     27    18    [0, 1, 0, 0]                   30.96  18.83 
----------------------------------------------------------------------------------------------------
gbest: 18.4 gbest_particle: [18, 6, 0, 1, 0, 0]


----------------------------------------------------------------------------------------------------
