----------------------------------------------------------------------------------------------------
Initial Swarm w=2, c1=10, c2=15
----------------------------------------------------------------------------------------------------
id    dd    dsp   routes                         fitness pbest  swarm: 0  
----------------------------------------------------------------------------------------------------

0     29    0     [1, 1, 2, 0, 2, 2, 1, 1, 0, 2, 0, 1, 1, 0, 1, 0, 1, 2, 0, 1, 1, 1, 0, 0, 1, 1, 0, 0, 1, 2, 1, 0, 0, 2, 0, 2, 1, 0, 2, 0, 2, 1, 2, 2, 0, 2, 1, 2, 0, 0, 2, 2, 1, 0, 0, 2, 0, 1, 0, 1, 2, 1, 2, 0, 0, 1, 2, 0, 1, 1, 0, 0, 2, 0, 0, 1, 0, 1, 0, 2, 0, 0, 2, 0, 1, 2, 1, 2, 2, 2, 2, 1, 2, 2, 0, 0, 0, 0, 0, 0, 1, 2, 2, 0, 2, 1, 0, 0, 1, 0, 0, 1, 2, 2, 2, 2, 2, 2, 1, 0, 1, 0, 1, 0, 1, 0, 1, 1, 2, 1, 0, 2, 1, 0, 0, 1, 2, 0, 0, 0, 2, 1, 1, 2, 0, 1, 2, 1, 0, 1, 0, 1, 0, 1, 1, 2, 0, 2, 1, 0, 2, 2, 0, 2, 1, 1, 1, 1, 2, 1, 2, 0, 0, 2, 2] 1368.42 1368.42

1     6     10    [1, 2, 0, 0, 0, 2, 1, 2, 1, 1, 1, 0, 0, 1, 1, 0, 1, 0, 1, 1, 1, 2, 1, 1, 0, 1, 2, 0, 2, 0, 0, 2, 2, 0, 0, 0, 0, 2, 1, 0, 1, 2, 2, 1, 2, 0, 0, 2, 2, 2, 0, 1, 2, 2, 1, 1, 1, 2, 2, 0, 1, 0, 2, 1, 2, 2, 0, 2, 2, 2, 1, 1, 0, 0, 0, 0, 2, 1, 0, 2, 2, 2, 1, 0, 2, 1, 2, 1, 0, 1, 1, 0, 0, 1, 0, 0, 1, 2, 2, 2, 0, 1, 1, 2, 1, 1, 2, 2, 0, 2, 1, 0, 2, 2, 0, 1, 0, 1, 2, 0, 0, 0, 2, 2, 0, 1, 2, 0, 2, 2, 0, 2, 2, 1, 2, 2, 0, 1, 2, 2, 1, 2, 2, 2, 1, 2, 0, 1, 0, 0, 1, 2, 2, 0, 1, 2, 1, 0, 1, 2, 1, 0, 1, 1, 0, 0, 1, 1, 0, 2, 0, 2, 0, 0, 0] 1121.79 1121.79

2     33    15    [1, 1, 2, 1, 0, 1, 1, 1, 1, 2, 0, 2, 1, 1, 2, 2, 1, 2, 1, 0, 1, 2, 2, 2, 2, 2, 2, 1, 0, 0, 2, 1, 2, 2, 0, 0, 1, 0, 0, 1, 2, 1, 2, 0, 0, 0, 2, 0, 0, 0, 2, 0, 1, 1, 2, 0, 2, 1, 1, 1, 1, 1, 0, 0, 0, 1, 0, 2, 0, 0, 1, 2, 1, 1, 2, 2, 1, 2, 1, 1, 2, 0, 2, 2, 0, 2, 2, 2, 0, 2, 0, 2, 1, 0, 0, 1, 2, 2, 2, 1, 0, 2, 1, 2, 1, 0, 2, 2, 2, 2, 0, 1, 1, 1, 1, 0, 2, 2, 2, 1, 0, 0, 0, 0, 2, 2, 1, 0, 2, 1, 1, 1, 1, 1, 2, 2, 0, 2, 1, 1, 2, 2, 1, 0, 0, 2, 2, 1, 1, 2, 0, 0, 1, 1, 0, 2, 1, 0, 1, 2, 1, 0, 0, 0, 1, 0, 1, 2, 0, 0, 2, 0, 0, 1, 2] 1688.06 1688.06

3     30    6     [0, 1, 2, 1, 1, 0, 2, 1, 2, 0, 1, 1, 2, 1, 2, 1, 0, 0, 0, 2, 2, 2, 0, 0, 2, 2, 2, 0, 2, 1, 1, 1, 1, 1, 2, 1, 2, 0, 1, 2, 2, 2, 2, 0, 2, 1, 2, 2, 1, 2, 1, 1, 2, 0, 1, 2, 1, 0, 2, 1, 0, 0, 2, 2, 0, 2, 2, 0, 0, 0, 1, 1, 2, 1, 1, 0, 0, 2, 1, 1, 2, 1, 2, 1, 0, 0, 1, 0, 2, 2, 1, 2, 2, 0, 0, 0, 2, 0, 0, 1, 0, 2, 1, 2, 0, 0, 2, 0, 1, 2, 1, 0, 0, 2, 1, 2, 0, 0, 0, 2, 2, 2, 2, 2, 0, 2, 1, 0, 2, 1, 2, 0, 0, 1, 1, 0, 2, 2, 1, 0, 2, 1, 0, 1, 1, 2, 1, 2, 0, 2, 0, 2, 0, 0, 2, 2, 2, 2, 2, 2, 2, 2, 1, 1, 0, 2, 1, 0, 0, 1, 2, 0, 2, 2, 2] 1486.29 1486.29

4     1     13    [1, 2, 2, 2, 1, 2, 0, 0, 2, 2, 2, 0, 1, 1, 1, 2, 0, 2, 1, 0, 1, 2, 1, 2, 2, 0, 2, 2, 2, 2, 0, 0, 2, 0, 1, 0, 2, 2, 1, 2, 1, 0, 1, 1, 0, 1, 0, 0, 0, 2, 0, 2, 2, 0, 2, 1, 0, 1, 1, 2, 0, 2, 2, 2, 2, 0, 0, 2, 2, 2, 2, 0, 0, 0, 0, 1, 1, 0, 0, 1, 2, 0, 1, 1, 2, 2, 1, 0, 1, 2, 1, 2, 0, 2, 0, 2, 0, 0, 2, 2, 0, 2, 0, 2, 2, 2, 1, 1, 1, 2, 1, 2, 2, 2, 0, 0, 0, 2, 1, 2, 0, 2, 2, 0, 1, 0, 2, 1, 0, 1, 1, 1, 2, 0, 1, 2, 1, 1, 0, 2, 0, 2, 2, 2, 2, 2, 1, 2, 0, 0, 0, 0, 1, 2, 1, 1, 2, 0, 1, 0, 2, 2, 2, 0, 2, 2, 0, 0, 2, 0, 1, 1, 1, 0, 2] 1245.95 1245.95

5     18    17    [0, 2, 1, 1, 0, 0, 0, 0, 2, 1, 2, 1, 2, 2, 2, 2, 2, 1, 2, 1, 1, 0, 1, 0, 0, 2, 0, 0, 0, 0, 0, 0, 1, 1, 2, 2, 2, 2, 2, 2, 1, 0, 1, 2, 2, 1, 0, 1, 1, 1, 2, 0, 0, 1, 2, 2, 1, 2, 1, 0, 2, 2, 1, 0, 1, 2, 0, 2, 0, 0, 1, 1, 1, 1, 2, 1, 0, 0, 2, 1, 1, 0, 0, 2, 1, 1, 2, 1, 1, 1, 2, 1, 0, 2, 2, 0, 2, 2, 1, 1, 1, 2, 0, 1, 0, 0, 2, 0, 2, 0, 0, 0, 2, 0, 0, 2, 0, 0, 0, 1, 2, 1, 1, 1, 0, 2, 1, 2, 2, 2, 1, 1, 1, 1, 2, 0, 2, 1, 2, 1, 0, 2, 0, 2, 0, 0, 0, 2, 2, 1, 2, 1, 2, 0, 0, 1, 2, 2, 2, 1, 0, 1, 1, 1, 1, 2, 0, 1, 2, 2, 0, 1, 1, 0, 2] 1288.85 1288.85

6     4     10    [2, 1, 1, 2, 2, 0, 1, 1, 0, 1, 0, 1, 0, 0, 1, 0, 0, 2, 1, 0, 0, 2, 2, 0, 1, 0, 0, 1, 1, 1, 1, 0, 0, 2, 2, 1, 2, 2, 0, 2, 1, 0, 1, 2, 1, 0, 2, 0, 0, 0, 0, 2, 2, 0, 0, 1, 1, 0, 0, 2, 2, 2, 1, 0, 0, 0, 1, 2, 1, 2, 2, 1, 1, 1, 0, 1, 1, 0, 2, 0, 0, 0, 0, 2, 1, 0, 2, 2, 2, 2, 1, 0, 1, 1, 2, 0, 1, 2, 1, 0, 2, 1, 2, 2, 2, 2, 0, 2, 0, 1, 2, 2, 0, 0, 1, 1, 2, 1, 0, 2, 0, 0, 0, 1, 1, 0, 2, 0, 2, 2, 1, 2, 1, 2, 1, 1, 0, 1, 0, 0, 0, 1, 2, 2, 2, 1, 1, 2, 0, 0, 2, 2, 2, 1, 0, 1, 1, 2, 1, 2, 0, 0, 1, 0, 2, 2, 1, 0, 0, 1, 0, 1, 1, 1, 0] 1252.26 1252.26

7     31    7     [0, 1, 2, 0, 1, 1, 0, 0, 2, 1, 2, 0, 0, 1, 2, 1, 1, 0, 0, 2, 0, 0, 2, 2, 1, 1, 2, 2, 2, 2, 2, 2, 1, 1, 1, 2, 2, 2, 0, 1, 0, 1, 1, 1, 1, 2, 2, 0, 1, 0, 2, 0, 0, 2, 1, 2, 1, 0, 1, 1, 0, 2, 0, 0, 2, 1, 1, 0, 1, 0, 0, 2, 0, 1, 1, 0, 2, 2, 2, 2, 2, 0, 1, 1, 1, 0, 1, 0, 0, 0, 0, 1, 2, 2, 2, 0, 2, 1, 1, 0, 0, 2, 2, 1, 1, 1, 0, 0, 0, 1, 2, 2, 1, 1, 2, 1, 0, 1, 2, 0, 0, 0, 2, 1, 2, 1, 1, 0, 0, 0, 1, 0, 1, 1, 0, 2, 2, 1, 1, 1, 2, 1, 1, 0, 0, 1, 2, 1, 0, 2, 0, 0, 1, 0, 1, 1, 2, 0, 2, 1, 0, 1, 0, 1, 0, 2, 2, 2, 2, 2, 2, 2, 2, 2, 2] 1502.91 1502.91

8     13    4     [1, 0, 0, 1, 0, 2, 1, 1, 2, 1, 2, 2, 0, 1, 1, 2, 1, 2, 0, 2, 0, 2, 0, 1, 2, 0, 2, 0, 1, 0, 1, 0, 1, 1, 2, 1, 0, 1, 1, 0, 0, 1, 1, 1, 0, 1, 1, 1, 2, 1, 0, 2, 1, 1, 2, 2, 2, 0, 2, 2, 2, 1, 2, 1, 2, 2, 0, 0, 0, 1, 1, 2, 2, 0, 2, 1, 1, 2, 0, 1, 1, 0, 1, 1, 2, 0, 1, 0, 1, 2, 1, 2, 2, 1, 0, 1, 2, 1, 1, 2, 2, 2, 0, 0, 2, 1, 1, 0, 2, 0, 2, 0, 2, 0, 0, 1, 0, 1, 2, 1, 0, 1, 1, 2, 1, 1, 1, 1, 1, 0, 0, 0, 0, 1, 2, 0, 2, 0, 1, 1, 0, 1, 2, 1, 2, 2, 0, 0, 0, 1, 1, 0, 2, 0, 2, 1, 0, 0, 2, 2, 0, 2, 0, 1, 2, 0, 0, 2, 2, 1, 1, 1, 0, 0, 2] 8554.43 8554.43

9     14    16    [2, 1, 1, 0, 1, 2, 1, 1, 1, 1, 0, 2, 2, 0, 0, 2, 0, 1, 0, 0, 0, 0, 1, 2, 2, 2, 1, 1, 1, 0, 2, 0, 1, 0, 0, 2, 2, 0, 0, 1, 1, 1, 2, 0, 2, 1, 0, 0, 0, 1, 2, 0, 0, 1, 2, 2, 0, 0, 1, 0, 0, 2, 1, 0, 0, 2, 1, 2, 1, 2, 1, 0, 1, 2, 0, 0, 1, 1, 0, 2, 2, 1, 2, 1, 0, 2, 0, 1, 1, 0, 1, 1, 2, 1, 1, 2, 2, 2, 1, 0, 1, 1, 1, 1, 0, 1, 0, 1, 0, 1, 0, 0, 0, 0, 1, 2, 1, 2, 1, 0, 0, 1, 1, 2, 0, 2, 0, 0, 0, 0, 2, 1, 1, 1, 0, 1, 0, 2, 2, 1, 0, 0, 0, 2, 0, 1, 0, 2, 1, 2, 1, 0, 2, 0, 1, 2, 2, 2, 2, 1, 0, 0, 0, 0, 1, 2, 2, 0, 2, 2, 0, 1, 2, 2, 2] 10802.94 10802.94

----------------------------------------------------------------------------------------------------gbest: 1121.79 gbest_particle: 1


----------------------------------------------------------------------------------------------------

id    dd    dsp   routes                         fitness pbest  swarm: 1   
----------------------------------------------------------------------------------------------------

----------------------------------------------------------------------------------------------------
gbest: 1091.24 gbest_particle: 7




id    dd    dsp   routes                         fitness pbest  swarm: 2   
----------------------------------------------------------------------------------------------------

----------------------------------------------------------------------------------------------------
gbest: 1087.69 gbest_particle: 8




id    dd    dsp   routes                         fitness pbest  swarm: 3   
----------------------------------------------------------------------------------------------------

----------------------------------------------------------------------------------------------------
gbest: 1068.23 gbest_particle: 9




id    dd    dsp   routes                         fitness pbest  swarm: 4   
----------------------------------------------------------------------------------------------------

----------------------------------------------------------------------------------------------------
gbest: 1068.23 gbest_particle: 9




id    dd    dsp   routes                         fitness pbest  swarm: 5   
----------------------------------------------------------------------------------------------------

----------------------------------------------------------------------------------------------------
gbest: 1068.23 gbest_particle: 9




id    dd    dsp   routes                         fitness pbest  swarm: 6   
----------------------------------------------------------------------------------------------------

----------------------------------------------------------------------------------------------------
gbest: 1068.23 gbest_particle: 9




id    dd    dsp   routes                         fitness pbest  swarm: 7   
----------------------------------------------------------------------------------------------------

----------------------------------------------------------------------------------------------------
gbest: 1068.23 gbest_particle: 9




id    dd    dsp   routes                         fitness pbest  swarm: 8   
----------------------------------------------------------------------------------------------------

----------------------------------------------------------------------------------------------------
gbest: 1065.84 gbest_particle: 6




id    dd    dsp   routes                         fitness pbest  swarm: 9   
----------------------------------------------------------------------------------------------------

----------------------------------------------------------------------------------------------------
gbest: 1065.84 gbest_particle: 6




id    dd    dsp   routes                         fitness pbest  swarm: 10  
----------------------------------------------------------------------------------------------------

----------------------------------------------------------------------------------------------------
gbest: 1064.11 gbest_particle: 4




id    dd    dsp   routes                         fitness pbest  swarm: 11  
----------------------------------------------------------------------------------------------------

----------------------------------------------------------------------------------------------------
gbest: 1064.11 gbest_particle: 4




id    dd    dsp   routes                         fitness pbest  swarm: 12  
----------------------------------------------------------------------------------------------------

----------------------------------------------------------------------------------------------------
gbest: 1064.11 gbest_particle: 4




id    dd    dsp   routes                         fitness pbest  swarm: 13  
----------------------------------------------------------------------------------------------------

----------------------------------------------------------------------------------------------------
gbest: 1064.11 gbest_particle: 4




id    dd    dsp   routes                         fitness pbest  swarm: 14  
----------------------------------------------------------------------------------------------------

----------------------------------------------------------------------------------------------------
gbest: 1062.58 gbest_particle: 3




id    dd    dsp   routes                         fitness pbest  swarm: 15  
----------------------------------------------------------------------------------------------------

----------------------------------------------------------------------------------------------------
gbest: 1062.58 gbest_particle: 3




id    dd    dsp   routes                         fitness pbest  swarm: 16  
----------------------------------------------------------------------------------------------------

----------------------------------------------------------------------------------------------------
gbest: 1060.47 gbest_particle: 3




id    dd    dsp   routes                         fitness pbest  swarm: 17  
----------------------------------------------------------------------------------------------------

----------------------------------------------------------------------------------------------------
gbest: 1057.23 gbest_particle: 1




id    dd    dsp   routes                         fitness pbest  swarm: 18  
----------------------------------------------------------------------------------------------------

----------------------------------------------------------------------------------------------------
gbest: 1057.23 gbest_particle: 1




id    dd    dsp   routes                         fitness pbest  swarm: 19  
----------------------------------------------------------------------------------------------------

----------------------------------------------------------------------------------------------------
gbest: 1057.23 gbest_particle: 1




id    dd    dsp   routes                         fitness pbest  swarm: 20  
----------------------------------------------------------------------------------------------------

----------------------------------------------------------------------------------------------------
gbest: 1057.23 gbest_particle: 1




id    dd    dsp   routes                         fitness pbest  swarm: 21  
----------------------------------------------------------------------------------------------------

----------------------------------------------------------------------------------------------------
gbest: 1057.23 gbest_particle: 1




id    dd    dsp   routes                         fitness pbest  swarm: 22  
----------------------------------------------------------------------------------------------------

----------------------------------------------------------------------------------------------------
gbest: 1057.23 gbest_particle: 1




id    dd    dsp   routes                         fitness pbest  swarm: 23  
----------------------------------------------------------------------------------------------------

----------------------------------------------------------------------------------------------------
gbest: 1057.23 gbest_particle: 1




id    dd    dsp   routes                         fitness pbest  swarm: 24  
----------------------------------------------------------------------------------------------------

----------------------------------------------------------------------------------------------------
gbest: 1057.23 gbest_particle: 1




id    dd    dsp   routes                         fitness pbest  swarm: 25  
----------------------------------------------------------------------------------------------------

----------------------------------------------------------------------------------------------------
gbest: 1057.23 gbest_particle: 1




id    dd    dsp   routes                         fitness pbest  swarm: 26  
----------------------------------------------------------------------------------------------------

----------------------------------------------------------------------------------------------------
gbest: 1057.23 gbest_particle: 1




id    dd    dsp   routes                         fitness pbest  swarm: 27  
----------------------------------------------------------------------------------------------------

----------------------------------------------------------------------------------------------------
gbest: 1057.23 gbest_particle: 1




id    dd    dsp   routes                         fitness pbest  swarm: 28  
----------------------------------------------------------------------------------------------------

----------------------------------------------------------------------------------------------------
gbest: 1057.23 gbest_particle: 1




id    dd    dsp   routes                         fitness pbest  swarm: 29  
----------------------------------------------------------------------------------------------------

----------------------------------------------------------------------------------------------------
gbest: 1057.23 gbest_particle: 1




id    dd    dsp   routes                         fitness pbest  swarm: 30  
----------------------------------------------------------------------------------------------------

----------------------------------------------------------------------------------------------------
gbest: 1057.23 gbest_particle: 1




id    dd    dsp   routes                         fitness pbest  swarm: 31  
----------------------------------------------------------------------------------------------------

----------------------------------------------------------------------------------------------------
gbest: 1057.23 gbest_particle: 1




id    dd    dsp   routes                         fitness pbest  swarm: 32  
----------------------------------------------------------------------------------------------------

----------------------------------------------------------------------------------------------------
gbest: 1057.23 gbest_particle: 1




id    dd    dsp   routes                         fitness pbest  swarm: 33  
----------------------------------------------------------------------------------------------------

----------------------------------------------------------------------------------------------------
gbest: 1057.23 gbest_particle: 1




id    dd    dsp   routes                         fitness pbest  swarm: 34  
----------------------------------------------------------------------------------------------------

----------------------------------------------------------------------------------------------------
gbest: 1057.23 gbest_particle: 1




id    dd    dsp   routes                         fitness pbest  swarm: 35  
----------------------------------------------------------------------------------------------------

----------------------------------------------------------------------------------------------------
gbest: 1057.23 gbest_particle: 1




id    dd    dsp   routes                         fitness pbest  swarm: 36  
----------------------------------------------------------------------------------------------------

----------------------------------------------------------------------------------------------------
gbest: 1057.23 gbest_particle: 1




id    dd    dsp   routes                         fitness pbest  swarm: 37  
----------------------------------------------------------------------------------------------------

----------------------------------------------------------------------------------------------------
gbest: 1057.23 gbest_particle: 1




id    dd    dsp   routes                         fitness pbest  swarm: 38  
----------------------------------------------------------------------------------------------------

----------------------------------------------------------------------------------------------------
gbest: 1057.23 gbest_particle: 1




id    dd    dsp   routes                         fitness pbest  swarm: 39  
----------------------------------------------------------------------------------------------------

----------------------------------------------------------------------------------------------------
gbest: 1057.23 gbest_particle: 1




id    dd    dsp   routes                         fitness pbest  swarm: 40  
----------------------------------------------------------------------------------------------------

----------------------------------------------------------------------------------------------------
gbest: 1057.23 gbest_particle: 1




id    dd    dsp   routes                         fitness pbest  swarm: 41  
----------------------------------------------------------------------------------------------------

----------------------------------------------------------------------------------------------------
gbest: 1057.23 gbest_particle: 1




id    dd    dsp   routes                         fitness pbest  swarm: 42  
----------------------------------------------------------------------------------------------------

----------------------------------------------------------------------------------------------------
gbest: 1057.23 gbest_particle: 1




id    dd    dsp   routes                         fitness pbest  swarm: 43  
----------------------------------------------------------------------------------------------------

----------------------------------------------------------------------------------------------------
gbest: 1057.23 gbest_particle: 1




id    dd    dsp   routes                         fitness pbest  swarm: 44  
----------------------------------------------------------------------------------------------------

----------------------------------------------------------------------------------------------------
gbest: 1057.23 gbest_particle: 1




id    dd    dsp   routes                         fitness pbest  swarm: 45  
----------------------------------------------------------------------------------------------------

----------------------------------------------------------------------------------------------------
gbest: 1057.23 gbest_particle: 1




id    dd    dsp   routes                         fitness pbest  swarm: 46  
----------------------------------------------------------------------------------------------------

----------------------------------------------------------------------------------------------------
gbest: 1057.23 gbest_particle: 1




id    dd    dsp   routes                         fitness pbest  swarm: 47  
----------------------------------------------------------------------------------------------------

----------------------------------------------------------------------------------------------------
gbest: 1057.23 gbest_particle: 1




id    dd    dsp   routes                         fitness pbest  swarm: 48  
----------------------------------------------------------------------------------------------------

----------------------------------------------------------------------------------------------------
gbest: 1057.23 gbest_particle: 1




id    dd    dsp   routes                         fitness pbest  swarm: 49  
----------------------------------------------------------------------------------------------------

----------------------------------------------------------------------------------------------------
gbest: 1057.23 gbest_particle: 1



