----------------------------------------------------------------------------------------------------
Initial Swarm w=2, c1=10, c2=15
----------------------------------------------------------------------------------------------------
id    dd    dsp   routes                         fitness pbest  swarm: 0  
----------------------------------------------------------------------------------------------------

0     10    6     [0, 1, 2, 2, 0, 2, 0, 1, 2, 1, 2, 0, 2, 0, 1, 2, 1, 0, 0, 1, 1, 0, 2, 1, 0, 2, 2, 2, 1, 0, 1, 1, 0, 0, 1, 2, 1, 1, 2, 0, 0, 2, 2, 1, 0, 0, 0, 2, 0, 2, 0, 0, 0, 1, 2, 2, 0, 2, 1, 1, 2, 2, 0, 2, 0, 2, 0, 2, 2, 1, 1, 1, 1, 0, 0, 1, 2, 1, 1, 2, 2, 0, 0, 2, 2, 0, 0, 0, 0, 1, 1, 1, 1, 2, 1, 0, 1, 1, 0, 1, 2, 2, 1, 1, 1, 1, 0, 1, 1, 0, 2, 1, 1, 1, 0, 2, 1, 2, 1, 1, 0, 0, 2, 1, 1, 0, 2, 2, 2, 1, 1, 2, 1, 2, 0, 1, 2, 0, 2, 2, 1, 0, 1, 2, 2, 0, 0, 2, 2, 2, 0, 1, 0, 1, 1, 0, 2, 1, 2, 1, 0, 2, 0, 1, 0, 1, 0, 2, 2, 2, 0, 2, 1, 0, 1, 0, 2, 1, 2, 1, 2, 2, 1, 0, 1, 2, 0, 0, 1, 0, 2, 1, 0, 2, 0, 2, 1, 0, 2, 0] 1670.66 1670.66

1     29    14    [2, 0, 0, 1, 1, 0, 1, 2, 2, 2, 2, 1, 2, 1, 2, 0, 0, 0, 0, 1, 2, 2, 0, 1, 0, 2, 2, 2, 0, 0, 0, 1, 2, 0, 2, 1, 2, 2, 0, 0, 2, 1, 2, 0, 1, 0, 2, 1, 1, 0, 2, 0, 1, 0, 2, 0, 1, 2, 2, 1, 2, 2, 1, 0, 1, 1, 0, 2, 0, 0, 1, 1, 2, 0, 0, 0, 2, 1, 1, 1, 2, 2, 2, 0, 1, 1, 2, 2, 1, 0, 2, 1, 0, 1, 2, 1, 1, 1, 0, 1, 2, 0, 2, 2, 2, 0, 2, 2, 1, 2, 1, 0, 2, 1, 1, 2, 2, 1, 0, 1, 2, 0, 1, 0, 1, 1, 1, 2, 1, 1, 2, 1, 1, 0, 2, 0, 1, 0, 1, 0, 0, 1, 0, 2, 0, 1, 1, 1, 1, 0, 0, 2, 1, 1, 1, 1, 2, 1, 1, 0, 1, 2, 2, 2, 0, 0, 1, 1, 2, 2, 2, 2, 1, 0, 0, 1, 0, 1, 2, 1, 0, 0, 0, 1, 2, 1, 0, 0, 2, 1, 1, 0, 2, 2, 0, 1, 2, 1, 2, 1] 1587.43 1587.43

2     14    3     [2, 1, 0, 0, 2, 0, 1, 0, 2, 0, 0, 2, 1, 1, 2, 1, 0, 1, 2, 0, 1, 2, 1, 2, 2, 1, 1, 1, 1, 0, 1, 1, 1, 0, 1, 0, 1, 0, 2, 0, 2, 2, 0, 0, 1, 2, 0, 2, 1, 1, 0, 2, 0, 1, 0, 0, 2, 1, 0, 1, 2, 0, 2, 2, 1, 0, 1, 2, 0, 2, 1, 2, 1, 1, 2, 1, 2, 2, 0, 2, 0, 2, 0, 0, 0, 2, 2, 2, 2, 1, 2, 2, 0, 1, 1, 2, 0, 2, 0, 1, 1, 1, 0, 0, 1, 2, 0, 2, 2, 0, 0, 0, 2, 1, 1, 2, 0, 2, 2, 2, 1, 2, 2, 2, 1, 0, 0, 0, 2, 1, 1, 2, 2, 0, 1, 2, 2, 1, 0, 2, 2, 2, 2, 2, 0, 2, 2, 0, 0, 2, 2, 0, 0, 1, 2, 2, 0, 1, 0, 2, 2, 0, 0, 0, 2, 2, 1, 0, 1, 2, 1, 1, 1, 0, 0, 2, 2, 2, 1, 0, 1, 0, 1, 0, 2, 0, 2, 1, 0, 2, 0, 1, 2, 1, 1, 1, 1, 1, 1, 0] 14469.21 14469.21

3     27    8     [0, 2, 1, 1, 1, 0, 2, 2, 2, 1, 2, 1, 0, 2, 0, 2, 0, 0, 0, 1, 2, 0, 0, 2, 0, 1, 0, 0, 0, 1, 0, 2, 1, 1, 0, 0, 1, 1, 0, 1, 1, 1, 1, 2, 2, 0, 2, 0, 2, 1, 2, 0, 0, 1, 0, 0, 1, 0, 1, 0, 2, 1, 1, 1, 2, 0, 0, 2, 1, 2, 2, 1, 0, 0, 2, 1, 2, 0, 2, 0, 2, 1, 2, 0, 0, 0, 0, 1, 1, 1, 0, 1, 2, 1, 2, 0, 0, 2, 0, 2, 2, 1, 2, 0, 2, 1, 1, 0, 0, 2, 0, 0, 0, 1, 2, 0, 0, 2, 0, 1, 1, 0, 2, 1, 1, 0, 1, 1, 2, 2, 2, 0, 0, 0, 0, 1, 0, 2, 2, 0, 2, 0, 2, 0, 1, 2, 0, 0, 1, 2, 1, 2, 2, 2, 0, 2, 1, 1, 0, 2, 1, 2, 1, 1, 1, 2, 1, 0, 1, 0, 2, 1, 0, 0, 2, 0, 0, 2, 0, 2, 1, 2, 1, 1, 2, 1, 1, 1, 0, 1, 1, 0, 0, 1, 1, 2, 0, 1, 1, 0] 2811.16 2811.16

4     9     12    [1, 2, 0, 1, 1, 2, 1, 1, 0, 2, 2, 2, 2, 2, 2, 2, 1, 2, 2, 2, 0, 1, 0, 1, 2, 1, 1, 2, 1, 1, 2, 1, 2, 1, 1, 1, 0, 1, 1, 0, 0, 0, 2, 1, 2, 0, 2, 2, 2, 0, 2, 1, 2, 1, 2, 0, 0, 1, 2, 2, 2, 0, 1, 2, 2, 0, 2, 2, 0, 1, 0, 2, 2, 1, 2, 2, 0, 2, 2, 1, 1, 1, 2, 0, 1, 2, 0, 2, 1, 0, 0, 2, 2, 0, 1, 1, 0, 0, 2, 0, 1, 1, 2, 2, 0, 0, 2, 2, 0, 2, 1, 1, 0, 1, 2, 0, 2, 0, 2, 0, 0, 1, 0, 0, 1, 1, 2, 1, 1, 1, 2, 1, 2, 2, 0, 1, 0, 0, 0, 2, 1, 0, 2, 0, 0, 2, 0, 0, 0, 0, 2, 2, 1, 0, 2, 2, 2, 1, 0, 0, 0, 1, 2, 0, 1, 1, 0, 0, 1, 0, 0, 1, 1, 0, 1, 0, 1, 0, 0, 1, 1, 2, 0, 2, 1, 2, 1, 2, 1, 1, 2, 1, 1, 2, 1, 1, 2, 2, 1, 2] 1325.07 1325.07

5     33    17    [2, 1, 0, 0, 0, 0, 1, 0, 0, 2, 2, 2, 0, 1, 2, 0, 2, 1, 2, 0, 0, 1, 0, 1, 0, 1, 2, 1, 1, 1, 1, 2, 2, 2, 0, 0, 2, 1, 1, 1, 2, 0, 0, 2, 0, 1, 1, 0, 0, 1, 1, 0, 0, 0, 0, 2, 2, 2, 0, 0, 0, 1, 0, 2, 2, 1, 1, 2, 0, 2, 1, 1, 1, 0, 2, 2, 1, 0, 1, 0, 0, 1, 1, 0, 2, 0, 1, 2, 2, 1, 2, 0, 0, 2, 0, 1, 1, 1, 0, 0, 1, 2, 1, 2, 0, 0, 2, 2, 0, 2, 1, 2, 2, 1, 1, 2, 0, 1, 2, 1, 1, 1, 2, 2, 1, 2, 0, 0, 2, 0, 1, 0, 1, 0, 1, 0, 0, 2, 2, 1, 1, 1, 2, 0, 1, 2, 2, 1, 1, 1, 2, 1, 0, 0, 0, 1, 1, 0, 0, 2, 0, 0, 0, 2, 1, 2, 0, 2, 0, 1, 0, 1, 1, 0, 2, 0, 0, 2, 2, 0, 1, 0, 0, 1, 1, 0, 2, 0, 1, 1, 0, 1, 0, 0, 0, 1, 0, 2, 1, 0] 1942.98 1942.98

6     16    15    [0, 2, 1, 0, 2, 0, 0, 0, 2, 2, 2, 2, 0, 0, 2, 0, 1, 1, 2, 0, 1, 2, 1, 0, 2, 2, 0, 2, 2, 2, 1, 1, 2, 1, 0, 1, 0, 0, 0, 1, 0, 2, 0, 0, 2, 2, 0, 0, 1, 1, 0, 2, 1, 0, 2, 2, 0, 1, 1, 0, 0, 0, 1, 1, 2, 2, 0, 1, 0, 0, 1, 0, 0, 2, 2, 0, 0, 1, 1, 1, 1, 0, 1, 1, 2, 0, 2, 1, 1, 0, 2, 1, 0, 0, 2, 0, 0, 1, 0, 1, 2, 1, 0, 2, 2, 0, 1, 2, 2, 1, 0, 1, 2, 2, 2, 1, 1, 0, 0, 0, 0, 1, 1, 0, 0, 0, 2, 0, 2, 0, 0, 2, 1, 1, 0, 2, 2, 0, 0, 0, 1, 2, 2, 2, 2, 2, 2, 0, 1, 1, 0, 0, 1, 2, 0, 1, 0, 0, 2, 0, 0, 1, 0, 0, 0, 1, 1, 2, 0, 2, 2, 2, 0, 1, 2, 2, 0, 0, 1, 2, 1, 2, 1, 1, 0, 0, 2, 2, 1, 0, 1, 1, 2, 1, 2, 1, 2, 2, 1, 2] 11317.94 11317.94

7     18    12    [0, 2, 1, 0, 2, 1, 1, 2, 1, 2, 1, 1, 1, 1, 2, 2, 1, 2, 2, 2, 2, 0, 0, 1, 1, 0, 0, 0, 0, 0, 0, 2, 2, 0, 1, 2, 1, 1, 0, 2, 1, 1, 2, 0, 0, 1, 1, 1, 0, 2, 2, 0, 2, 0, 1, 1, 0, 1, 2, 0, 2, 0, 0, 2, 2, 2, 0, 0, 2, 0, 0, 0, 0, 0, 2, 1, 1, 1, 2, 1, 0, 2, 1, 1, 1, 0, 1, 2, 1, 2, 1, 0, 2, 0, 1, 2, 1, 1, 1, 2, 0, 2, 0, 2, 2, 2, 2, 2, 0, 1, 1, 2, 0, 0, 0, 0, 2, 1, 0, 0, 0, 0, 1, 0, 2, 1, 1, 0, 0, 0, 2, 2, 1, 0, 1, 0, 0, 1, 2, 2, 2, 1, 0, 0, 1, 1, 2, 2, 2, 2, 1, 1, 1, 0, 0, 2, 0, 0, 2, 2, 1, 1, 2, 0, 2, 1, 1, 1, 1, 0, 0, 2, 1, 1, 2, 2, 2, 1, 0, 1, 0, 2, 1, 1, 0, 2, 2, 1, 2, 1, 1, 2, 1, 1, 0, 0, 0, 1, 2, 2] 1521.97 1521.97

8     16    8     [1, 2, 2, 0, 0, 0, 0, 2, 2, 1, 1, 1, 0, 2, 0, 0, 2, 1, 0, 1, 1, 1, 0, 1, 0, 1, 0, 2, 2, 0, 1, 2, 1, 1, 1, 0, 1, 2, 1, 2, 2, 1, 0, 2, 1, 0, 1, 0, 1, 0, 2, 1, 0, 0, 1, 1, 0, 1, 2, 0, 1, 2, 2, 1, 1, 0, 2, 1, 1, 0, 2, 0, 1, 1, 2, 0, 2, 1, 2, 1, 1, 0, 0, 1, 2, 1, 2, 0, 0, 0, 0, 0, 0, 0, 2, 2, 2, 2, 0, 0, 1, 1, 0, 0, 1, 1, 0, 1, 2, 2, 1, 0, 1, 1, 0, 1, 1, 2, 0, 0, 2, 0, 1, 2, 1, 0, 0, 0, 1, 1, 2, 1, 1, 0, 1, 0, 2, 0, 0, 2, 1, 2, 2, 2, 0, 0, 1, 1, 1, 2, 1, 2, 2, 2, 2, 1, 1, 2, 1, 1, 2, 1, 2, 0, 1, 2, 0, 1, 2, 2, 0, 1, 0, 1, 2, 1, 0, 1, 2, 2, 0, 2, 2, 0, 1, 0, 0, 1, 2, 1, 0, 0, 1, 0, 0, 0, 1, 1, 2, 0] 11319.45 11319.45

9     28    9     [2, 0, 1, 1, 2, 0, 0, 2, 2, 1, 1, 2, 0, 2, 0, 0, 1, 0, 0, 0, 1, 2, 0, 0, 1, 0, 2, 0, 1, 1, 1, 2, 0, 0, 1, 1, 0, 0, 0, 0, 2, 0, 2, 1, 1, 1, 2, 2, 1, 1, 1, 2, 1, 0, 1, 1, 0, 0, 2, 1, 1, 2, 2, 0, 1, 2, 2, 0, 1, 2, 2, 1, 0, 0, 0, 0, 0, 0, 1, 1, 0, 0, 0, 2, 1, 2, 1, 0, 0, 0, 1, 2, 0, 2, 2, 2, 2, 1, 1, 1, 1, 2, 0, 0, 2, 2, 2, 0, 0, 1, 2, 1, 0, 2, 2, 2, 1, 2, 2, 2, 1, 0, 0, 0, 1, 0, 0, 2, 0, 2, 1, 2, 2, 1, 0, 2, 1, 0, 0, 0, 1, 0, 2, 0, 1, 2, 2, 2, 0, 1, 2, 2, 0, 0, 0, 1, 1, 1, 1, 0, 2, 2, 0, 1, 2, 2, 1, 2, 0, 2, 0, 0, 2, 2, 1, 1, 0, 2, 2, 0, 2, 1, 0, 0, 2, 0, 2, 2, 1, 2, 2, 0, 1, 2, 0, 1, 1, 0, 1, 0] 1461.61 1461.61

----------------------------------------------------------------------------------------------------gbest: 1325.07 gbest_particle: 4


----------------------------------------------------------------------------------------------------

id    dd    dsp   routes                         fitness pbest  swarm: 1   
----------------------------------------------------------------------------------------------------

----------------------------------------------------------------------------------------------------
gbest: 1279.98 gbest_particle: 2




id    dd    dsp   routes                         fitness pbest  swarm: 2   
----------------------------------------------------------------------------------------------------

----------------------------------------------------------------------------------------------------
gbest: 1276.03 gbest_particle: 7




id    dd    dsp   routes                         fitness pbest  swarm: 3   
----------------------------------------------------------------------------------------------------

----------------------------------------------------------------------------------------------------
gbest: 1273.65 gbest_particle: 2




id    dd    dsp   routes                         fitness pbest  swarm: 4   
----------------------------------------------------------------------------------------------------

----------------------------------------------------------------------------------------------------
gbest: 1273.65 gbest_particle: 2




id    dd    dsp   routes                         fitness pbest  swarm: 5   
----------------------------------------------------------------------------------------------------

----------------------------------------------------------------------------------------------------
gbest: 1273.65 gbest_particle: 2




id    dd    dsp   routes                         fitness pbest  swarm: 6   
----------------------------------------------------------------------------------------------------

----------------------------------------------------------------------------------------------------
gbest: 1265.59 gbest_particle: 8




id    dd    dsp   routes                         fitness pbest  swarm: 7   
----------------------------------------------------------------------------------------------------

----------------------------------------------------------------------------------------------------
gbest: 1258.5 gbest_particle: 4




id    dd    dsp   routes                         fitness pbest  swarm: 8   
----------------------------------------------------------------------------------------------------

----------------------------------------------------------------------------------------------------
gbest: 1258.5 gbest_particle: 4




id    dd    dsp   routes                         fitness pbest  swarm: 9   
----------------------------------------------------------------------------------------------------

----------------------------------------------------------------------------------------------------
gbest: 1258.5 gbest_particle: 4




id    dd    dsp   routes                         fitness pbest  swarm: 10  
----------------------------------------------------------------------------------------------------

----------------------------------------------------------------------------------------------------
gbest: 1255.53 gbest_particle: 6




id    dd    dsp   routes                         fitness pbest  swarm: 11  
----------------------------------------------------------------------------------------------------

----------------------------------------------------------------------------------------------------
gbest: 1255.53 gbest_particle: 6




id    dd    dsp   routes                         fitness pbest  swarm: 12  
----------------------------------------------------------------------------------------------------

----------------------------------------------------------------------------------------------------
gbest: 1255.53 gbest_particle: 6




id    dd    dsp   routes                         fitness pbest  swarm: 13  
----------------------------------------------------------------------------------------------------

----------------------------------------------------------------------------------------------------
gbest: 1255.53 gbest_particle: 6




id    dd    dsp   routes                         fitness pbest  swarm: 14  
----------------------------------------------------------------------------------------------------

----------------------------------------------------------------------------------------------------
gbest: 1255.53 gbest_particle: 6




id    dd    dsp   routes                         fitness pbest  swarm: 15  
----------------------------------------------------------------------------------------------------

----------------------------------------------------------------------------------------------------
gbest: 1253.55 gbest_particle: 0




id    dd    dsp   routes                         fitness pbest  swarm: 16  
----------------------------------------------------------------------------------------------------

----------------------------------------------------------------------------------------------------
gbest: 1253.55 gbest_particle: 0




id    dd    dsp   routes                         fitness pbest  swarm: 17  
----------------------------------------------------------------------------------------------------

----------------------------------------------------------------------------------------------------
gbest: 1253.55 gbest_particle: 0




id    dd    dsp   routes                         fitness pbest  swarm: 18  
----------------------------------------------------------------------------------------------------

----------------------------------------------------------------------------------------------------
gbest: 1253.55 gbest_particle: 0




id    dd    dsp   routes                         fitness pbest  swarm: 19  
----------------------------------------------------------------------------------------------------

----------------------------------------------------------------------------------------------------
gbest: 1253.55 gbest_particle: 0




id    dd    dsp   routes                         fitness pbest  swarm: 20  
----------------------------------------------------------------------------------------------------

----------------------------------------------------------------------------------------------------
gbest: 1253.55 gbest_particle: 0




id    dd    dsp   routes                         fitness pbest  swarm: 21  
----------------------------------------------------------------------------------------------------

----------------------------------------------------------------------------------------------------
gbest: 1253.55 gbest_particle: 0




id    dd    dsp   routes                         fitness pbest  swarm: 22  
----------------------------------------------------------------------------------------------------

----------------------------------------------------------------------------------------------------
gbest: 1253.55 gbest_particle: 0




id    dd    dsp   routes                         fitness pbest  swarm: 23  
----------------------------------------------------------------------------------------------------

----------------------------------------------------------------------------------------------------
gbest: 1253.55 gbest_particle: 0




id    dd    dsp   routes                         fitness pbest  swarm: 24  
----------------------------------------------------------------------------------------------------

----------------------------------------------------------------------------------------------------
gbest: 1253.55 gbest_particle: 0




id    dd    dsp   routes                         fitness pbest  swarm: 25  
----------------------------------------------------------------------------------------------------

----------------------------------------------------------------------------------------------------
gbest: 1253.55 gbest_particle: 0




id    dd    dsp   routes                         fitness pbest  swarm: 26  
----------------------------------------------------------------------------------------------------

----------------------------------------------------------------------------------------------------
gbest: 1253.55 gbest_particle: 0




id    dd    dsp   routes                         fitness pbest  swarm: 27  
----------------------------------------------------------------------------------------------------

----------------------------------------------------------------------------------------------------
gbest: 1253.55 gbest_particle: 0




id    dd    dsp   routes                         fitness pbest  swarm: 28  
----------------------------------------------------------------------------------------------------

----------------------------------------------------------------------------------------------------
gbest: 1253.55 gbest_particle: 0




id    dd    dsp   routes                         fitness pbest  swarm: 29  
----------------------------------------------------------------------------------------------------

----------------------------------------------------------------------------------------------------
gbest: 1253.55 gbest_particle: 0




id    dd    dsp   routes                         fitness pbest  swarm: 30  
----------------------------------------------------------------------------------------------------

----------------------------------------------------------------------------------------------------
gbest: 1253.55 gbest_particle: 0




id    dd    dsp   routes                         fitness pbest  swarm: 31  
----------------------------------------------------------------------------------------------------

----------------------------------------------------------------------------------------------------
gbest: 1253.55 gbest_particle: 0




id    dd    dsp   routes                         fitness pbest  swarm: 32  
----------------------------------------------------------------------------------------------------

----------------------------------------------------------------------------------------------------
gbest: 1253.55 gbest_particle: 0




id    dd    dsp   routes                         fitness pbest  swarm: 33  
----------------------------------------------------------------------------------------------------

----------------------------------------------------------------------------------------------------
gbest: 1253.55 gbest_particle: 0




id    dd    dsp   routes                         fitness pbest  swarm: 34  
----------------------------------------------------------------------------------------------------

----------------------------------------------------------------------------------------------------
gbest: 1253.55 gbest_particle: 0




id    dd    dsp   routes                         fitness pbest  swarm: 35  
----------------------------------------------------------------------------------------------------

----------------------------------------------------------------------------------------------------
gbest: 1253.55 gbest_particle: 0




id    dd    dsp   routes                         fitness pbest  swarm: 36  
----------------------------------------------------------------------------------------------------

----------------------------------------------------------------------------------------------------
gbest: 1253.55 gbest_particle: 0




id    dd    dsp   routes                         fitness pbest  swarm: 37  
----------------------------------------------------------------------------------------------------

----------------------------------------------------------------------------------------------------
gbest: 1253.55 gbest_particle: 0




id    dd    dsp   routes                         fitness pbest  swarm: 38  
----------------------------------------------------------------------------------------------------

----------------------------------------------------------------------------------------------------
gbest: 1253.55 gbest_particle: 0




id    dd    dsp   routes                         fitness pbest  swarm: 39  
----------------------------------------------------------------------------------------------------

----------------------------------------------------------------------------------------------------
gbest: 1253.55 gbest_particle: 0




id    dd    dsp   routes                         fitness pbest  swarm: 40  
----------------------------------------------------------------------------------------------------

----------------------------------------------------------------------------------------------------
gbest: 1253.55 gbest_particle: 0




id    dd    dsp   routes                         fitness pbest  swarm: 41  
----------------------------------------------------------------------------------------------------

----------------------------------------------------------------------------------------------------
gbest: 1253.55 gbest_particle: 0




id    dd    dsp   routes                         fitness pbest  swarm: 42  
----------------------------------------------------------------------------------------------------

----------------------------------------------------------------------------------------------------
gbest: 1253.55 gbest_particle: 0




id    dd    dsp   routes                         fitness pbest  swarm: 43  
----------------------------------------------------------------------------------------------------

----------------------------------------------------------------------------------------------------
gbest: 1253.55 gbest_particle: 0




id    dd    dsp   routes                         fitness pbest  swarm: 44  
----------------------------------------------------------------------------------------------------

----------------------------------------------------------------------------------------------------
gbest: 1253.55 gbest_particle: 0




id    dd    dsp   routes                         fitness pbest  swarm: 45  
----------------------------------------------------------------------------------------------------

----------------------------------------------------------------------------------------------------
gbest: 1253.55 gbest_particle: 0




id    dd    dsp   routes                         fitness pbest  swarm: 46  
----------------------------------------------------------------------------------------------------

----------------------------------------------------------------------------------------------------
gbest: 1253.55 gbest_particle: 0




id    dd    dsp   routes                         fitness pbest  swarm: 47  
----------------------------------------------------------------------------------------------------

----------------------------------------------------------------------------------------------------
gbest: 1253.55 gbest_particle: 0




id    dd    dsp   routes                         fitness pbest  swarm: 48  
----------------------------------------------------------------------------------------------------

----------------------------------------------------------------------------------------------------
gbest: 1252.97 gbest_particle: 9




id    dd    dsp   routes                         fitness pbest  swarm: 49  
----------------------------------------------------------------------------------------------------

----------------------------------------------------------------------------------------------------
gbest: 1252.97 gbest_particle: 9



