----------------------------------------------------------------------------------------------------
Initial Swarm w=2, c1=10, c2=15
----------------------------------------------------------------------------------------------------
id    dd    dsp   routes                         fitness pbest  swarm: 0  ----------------------------------------------------------------------------------------------------
0     8     13    [0, 0, 0, 1]                   26.86  26.86 
1     1     6     [0, 0, 1, 1]                   21.5   21.5  
2     8     6     [0, 1, 1, 1]                   26.56  26.56 
3     33    9     [1, 1, 1, 0]                   20.63  20.63 
4     7     18    [1, 1, 0, 1]                   22.0   22.0  
5     26    1     [0, 1, 1, 0]                   31.24  31.24 
6     0     14    [0, 0, 1, 0]                   25.04  25.04 
7     27    0     [1, 1, 0, 0]                   29.63  29.63 
8     9     21    [0, 0, 1, 1]                   31.79  31.79 
9     25    9     [1, 0, 0, 0]                   29.13  29.13 
----------------------------------------------------------------------------------------------------
gbest: 20.63 gbest_particle: [33, 9, 1, 1, 1, 0]


----------------------------------------------------------------------------------------------------

id    dd    dsp   routes                         fitness pbest  1         
----------------------------------------------------------------------------------------------------
0     8     9     [1, 0, 1, 0]                   25.26  25.26 
1     1     9     [0, 0, 1, 1]                   22.39  21.5  
2     33    9     [0, 1, 1, 0]                   21.25  21.25 
3     33    1     [1, 1, 1, 0]                   20.44  20.44 
4     33    9     [1, 1, 0, 1]                   20.79  20.79 
5     26    9     [0, 1, 0, 0]                   29.76  29.76 
6     33    14    [0, 1, 1, 1]                   22.15  22.15 
7     27    9     [1, 1, 0, 0]                   29.83  29.63 
8     23    9     [0, 0, 1, 0]                   29.34  29.34 
9     25    9     [0, 1, 1, 0]                   29.61  29.13 
----------------------------------------------------------------------------------------------------
gbest: 20.44 gbest_particle: [33, 1, 1, 1, 1, 0]


----------------------------------------------------------------------------------------------------

id    dd    dsp   routes                         fitness pbest  2         
----------------------------------------------------------------------------------------------------
0     8     1     [1, 0, 1, 0]                   25.51  25.26 
1     33    9     [0, 0, 1, 1]                   23.44  21.5  
2     33    1     [0, 1, 1, 0]                   21.18  21.18 
3     30    1     [1, 1, 1, 0]                   29.42  20.44 
4     33    1     [1, 1, 0, 1]                   20.79  20.79 
5     26    9     [0, 0, 0, 0]                   31.75  29.76 
6     33    14    [0, 1, 1, 1]                   22.15  22.15 
7     27    9     [1, 1, 1, 0]                   31.19  29.63 
8     23    1     [0, 1, 1, 0]                   28.15  28.15 
9     25    9     [1, 1, 1, 0]                   28.29  28.29 
----------------------------------------------------------------------------------------------------
gbest: 20.44 gbest_particle: [33, 1, 1, 1, 1, 0]


----------------------------------------------------------------------------------------------------

id    dd    dsp   routes                         fitness pbest  3         
----------------------------------------------------------------------------------------------------
0     8     9     [0, 1, 1, 0]                   25.33  25.26 
1     33    20    [1, 0, 1, 0]                   21.56  21.5  
2     33    1     [1, 1, 1, 0]                   20.44  20.44 
3     33    1     [0, 1, 1, 0]                   21.18  20.44 
4     33    1     [1, 1, 0, 0]                   19.74  19.74 
5     33    9     [0, 1, 0, 0]                   20.47  20.47 
6     33    14    [1, 1, 1, 1]                   20.69  20.69 
7     27    9     [1, 1, 1, 0]                   31.19  29.63 
8     23    0     [0, 1, 1, 0]                   28.15  28.15 
9     25    1     [0, 1, 1, 0]                   29.71  28.29 
----------------------------------------------------------------------------------------------------
gbest: 19.74 gbest_particle: [33, 1, 1, 1, 0, 0]


----------------------------------------------------------------------------------------------------

id    dd    dsp   routes                         fitness pbest  4         
----------------------------------------------------------------------------------------------------
0     8     9     [1, 0, 1, 0]                   25.26  25.26 
1     33    1     [1, 0, 1, 1]                   21.94  21.5  
2     33    1     [1, 1, 0, 0]                   19.74  19.74 
3     33    1     [1, 1, 0, 0]                   19.74  19.74 
4     33    1     [1, 1, 1, 0]                   20.44  19.74 
5     33    1     [0, 1, 0, 0]                   20.48  20.47 
6     33    14    [1, 1, 0, 0]                   19.49  19.49 
7     27    0     [1, 1, 1, 0]                   31.28  29.63 
8     33    1     [0, 1, 1, 0]                   21.18  21.18 
9     33    1     [0, 1, 0, 0]                   20.48  20.48 
----------------------------------------------------------------------------------------------------
gbest: 19.49 gbest_particle: [33, 14, 1, 1, 0, 0]


----------------------------------------------------------------------------------------------------

id    dd    dsp   routes                         fitness pbest  5         
----------------------------------------------------------------------------------------------------
0     33    20    [1, 0, 0, 0]                   21.12  21.12 
1     33    1     [1, 1, 1, 1]                   21.04  21.04 
2     33    14    [1, 1, 0, 0]                   19.49  19.49 
3     33    1     [1, 1, 0, 0]                   19.74  19.74 
4     33    1     [1, 1, 1, 0]                   20.44  19.74 
5     33    14    [0, 1, 0, 0]                   25.21  20.47 
6     33    1     [1, 1, 0, 0]                   19.74  19.49 
7     27    0     [1, 1, 0, 0]                   29.63  29.63 
8     33    8     [1, 1, 0, 0]                   20.05  20.05 
9     33    1     [1, 1, 0, 0]                   19.74  19.74 
----------------------------------------------------------------------------------------------------
gbest: 19.49 gbest_particle: [33, 14, 1, 1, 0, 0]


----------------------------------------------------------------------------------------------------

id    dd    dsp   routes                         fitness pbest  6         
----------------------------------------------------------------------------------------------------
0     25    20    [1, 0, 0, 0]                   28.22  21.12 
1     33    1     [1, 1, 0, 0]                   19.74  19.74 
2     33    14    [1, 1, 0, 0]                   19.49  19.49 
3     33    1     [1, 1, 1, 0]                   20.44  19.74 
4     33    1     [1, 1, 1, 0]                   20.44  19.74 
5     33    14    [0, 1, 0, 0]                   25.21  20.47 
6     33    14    [1, 1, 0, 0]                   19.49  19.49 
7     27    14    [1, 1, 0, 0]                   29.27  29.27 
8     33    14    [1, 1, 0, 0]                   19.49  19.49 
9     33    1     [1, 1, 0, 0]                   19.74  19.74 
----------------------------------------------------------------------------------------------------
gbest: 19.49 gbest_particle: [33, 14, 1, 1, 0, 0]


----------------------------------------------------------------------------------------------------

id    dd    dsp   routes                         fitness pbest  7         
----------------------------------------------------------------------------------------------------
0     25    13    [1, 0, 0, 0]                   29.15  21.12 
1     33    1     [1, 1, 1, 0]                   20.44  19.74 
2     18    14    [1, 1, 0, 0]                   26.08  19.49 
3     33    1     [1, 1, 1, 0]                   20.44  19.74 
4     33    14    [1, 1, 0, 0]                   19.49  19.49 
5     33    14    [0, 1, 0, 0]                   25.21  20.47 
6     10    19    [1, 1, 0, 0]                   20.87  19.49 
7     33    14    [1, 1, 0, 0]                   19.49  19.49 
8     33    14    [1, 1, 0, 0]                   19.49  19.49 
9     33    1     [1, 1, 0, 0]                   19.74  19.74 
----------------------------------------------------------------------------------------------------
gbest: 19.49 gbest_particle: [33, 14, 1, 1, 0, 0]


----------------------------------------------------------------------------------------------------

id    dd    dsp   routes                         fitness pbest  8         
----------------------------------------------------------------------------------------------------
0     25    20    [1, 0, 0, 0]                   28.52  21.12 
1     33    1     [1, 1, 1, 0]                   20.44  19.74 
2     18    14    [1, 1, 0, 1]                   20.17  19.49 
3     33    5     [1, 1, 1, 1]                   21.04  19.74 
4     33    14    [1, 1, 0, 0]                   19.49  19.49 
5     33    14    [0, 1, 0, 0]                   25.21  20.47 
6     33    14    [1, 1, 0, 0]                   19.49  19.49 
7     33    14    [0, 1, 0, 0]                   25.21  19.49 
8     33    14    [1, 1, 0, 1]                   20.67  19.49 
9     33    1     [0, 1, 0, 0]                   20.48  19.74 
----------------------------------------------------------------------------------------------------
gbest: 19.49 gbest_particle: [33, 14, 1, 1, 0, 0]


----------------------------------------------------------------------------------------------------

id    dd    dsp   routes                         fitness pbest  9         
----------------------------------------------------------------------------------------------------
0     13    14    [1, 0, 0, 0]                   30.99  21.12 
1     33    1     [1, 0, 1, 1]                   21.94  19.74 
2     33    14    [1, 1, 0, 0]                   19.49  19.49 
3     33    5     [1, 1, 0, 1]                   20.79  19.74 
4     33    14    [1, 1, 0, 1]                   20.67  19.49 
5     33    9     [0, 1, 0, 0]                   20.47  20.47 
6     33    14    [1, 1, 0, 0]                   19.49  19.49 
7     33    14    [0, 1, 0, 0]                   25.21  19.49 
8     19    14    [1, 1, 0, 0]                   21.39  19.49 
9     33    1     [1, 1, 0, 0]                   19.74  19.74 
----------------------------------------------------------------------------------------------------
gbest: 19.49 gbest_particle: [33, 14, 1, 1, 0, 0]


----------------------------------------------------------------------------------------------------
