tabu_solution_x: [13, 10, 1, 0, 0, 1] 


----------------iteration:0----------------
tabu_x_genes: [13, 10, 1, 0, 0, 1] 
p1: [4 1] 
solution y fitness: 19.800333333333334 
delta: 0.5280416666666667 
tabu_list: [[13, 12, 1, 0, 1, 1]] 


----------------iteration:1----------------
tabu_x_genes: [13, 10, 1, 0, 0, 1] 
p1: [1 4] 
solution y fitness: 20.338375 
delta: 1.0660833333333315 
tabu_list: [[13, 12, 1, 0, 1, 1], [13, 21, 1, 0, 1, 1]] 


----------------iteration:2----------------
tabu_x_genes: [13, 10, 1, 0, 0, 1] 
p1: [4 1] 
solution y fitness: 20.1545 
delta: 0.882208333333331 
tabu_list: [[13, 12, 1, 0, 1, 1], [13, 21, 1, 0, 1, 1], [13, 5, 1, 0, 1, 1]] 


----------------iteration:3----------------
tabu_x_genes: [13, 10, 1, 0, 0, 1] 
p1: [4 1] 
solution y fitness: 19.702625 
delta: 0.43033333333333346 
tabu_list: [[13, 12, 1, 0, 1, 1], [13, 21, 1, 0, 1, 1], [13, 5, 1, 0, 1, 1], [13, 22, 1, 0, 1, 1]] 


----------------iteration:4----------------
tabu_x_genes: [13, 10, 1, 0, 0, 1] 
p1: [2 3] 
solution y fitness: 18.867416666666667 
delta: -0.40487500000000054 
solution x y ile değiştirildi. Daha iyi performans

----------------iteration:5----------------
tabu_x_genes: [13, 10, 0, 1, 0, 1] 
p1: [5 2] 
solution y fitness: 18.534333333333333 
delta: -0.3330833333333345 
solution x y ile değiştirildi. Daha iyi performans

----------------iteration:6----------------
tabu_x_genes: [13, 10, 1, 1, 0, 0] 
p1: [1 3] 
solution y fitness: 21.07633333333333 
delta: 2.541999999999998 
tabu_list: [[13, 12, 1, 0, 1, 1], [13, 21, 1, 0, 1, 1], [13, 5, 1, 0, 1, 1], [13, 22, 1, 0, 1, 1], [13, 22, 1, 0, 0, 0]] 


----------------iteration:7----------------
tabu_x_genes: [13, 10, 1, 1, 0, 0] 
p1: [0 1] 
solution y fitness: 24.4967 
delta: 5.962366666666668 
tabu_list: [[13, 12, 1, 0, 1, 1], [13, 21, 1, 0, 1, 1], [13, 5, 1, 0, 1, 1], [13, 22, 1, 0, 1, 1], [13, 22, 1, 0, 0, 0], [22, 0, 1, 1, 0, 0]] 


----------------iteration:8----------------
tabu_x_genes: [13, 10, 1, 1, 0, 0] 
p1: [2 0] 
solution y fitness: 20.435866666666666 
delta: 1.901533333333333 
tabu_list: [[13, 12, 1, 0, 1, 1], [13, 21, 1, 0, 1, 1], [13, 5, 1, 0, 1, 1], [13, 22, 1, 0, 1, 1], [13, 22, 1, 0, 0, 0], [22, 0, 1, 1, 0, 0], [2, 10, 0, 1, 0, 0]] 


----------------iteration:9----------------
tabu_x_genes: [13, 10, 1, 1, 0, 0] 
p1: [5 2] 
solution y fitness: 18.867416666666667 
delta: 0.3330833333333345 
tabu_list: [[13, 12, 1, 0, 1, 1], [13, 21, 1, 0, 1, 1], [13, 5, 1, 0, 1, 1], [13, 22, 1, 0, 1, 1], [13, 22, 1, 0, 0, 0], [22, 0, 1, 1, 0, 0], [2, 10, 0, 1, 0, 0], [13, 10, 0, 1, 0, 1]] 


----------------iteration:10----------------
tabu_x_genes: [13, 10, 1, 1, 0, 0] 
p1: [0 3] 
solution y fitness: 28.303400000000003 
delta: 9.76906666666667 
tabu_list: [[13, 12, 1, 0, 1, 1], [13, 21, 1, 0, 1, 1], [13, 5, 1, 0, 1, 1], [13, 22, 1, 0, 1, 1], [13, 22, 1, 0, 0, 0], [22, 0, 1, 1, 0, 0], [2, 10, 0, 1, 0, 0], [13, 10, 0, 1, 0, 1], [24, 10, 1, 0, 0, 0]] 


----------------iteration:11----------------
tabu_x_genes: [13, 10, 1, 1, 0, 0] 
p1: [5 2] 
solution y fitness: 21.69770833333333 
delta: 3.1633749999999985 
tabu_list: [[13, 12, 1, 0, 1, 1], [13, 21, 1, 0, 1, 1], [13, 5, 1, 0, 1, 1], [13, 22, 1, 0, 1, 1], [13, 22, 1, 0, 0, 0], [22, 0, 1, 1, 0, 0], [2, 10, 0, 1, 0, 0], [13, 10, 0, 1, 0, 1], [24, 10, 1, 0, 0, 0], [13, 10, 0, 0, 0, 1]] 


----------------iteration:12----------------
tabu_x_genes: [13, 10, 1, 1, 0, 0] 
p1: [5 4] 
solution y fitness: 19.903916666666667 
delta: 1.3695833333333347 
tabu_list: [[13, 12, 1, 0, 1, 1], [13, 21, 1, 0, 1, 1], [13, 5, 1, 0, 1, 1], [13, 22, 1, 0, 1, 1], [13, 22, 1, 0, 0, 0], [22, 0, 1, 1, 0, 0], [2, 10, 0, 1, 0, 0], [13, 10, 0, 1, 0, 1], [24, 10, 1, 0, 0, 0], [13, 10, 0, 0, 0, 1], [13, 10, 1, 1, 1, 1]] 


----------------iteration:13----------------
tabu_x_genes: [13, 10, 1, 1, 0, 0] 
p1: [2 3] 
solution y fitness: 21.643250000000002 
delta: 3.108916666666669 
tabu_list: [[13, 21, 1, 0, 1, 1], [13, 5, 1, 0, 1, 1], [13, 22, 1, 0, 1, 1], [13, 22, 1, 0, 0, 0], [22, 0, 1, 1, 0, 0], [2, 10, 0, 1, 0, 0], [13, 10, 0, 1, 0, 1], [24, 10, 1, 0, 0, 0], [13, 10, 0, 0, 0, 1], [13, 10, 1, 1, 1, 1], [13, 10, 0, 0, 0, 0]] 


----------------iteration:14----------------
tabu_x_genes: [13, 10, 1, 1, 0, 0] 
p1: [1 3] 
solution y fitness: 19.179 
delta: 0.6446666666666658 
tabu_list: [[13, 5, 1, 0, 1, 1], [13, 22, 1, 0, 1, 1], [13, 22, 1, 0, 0, 0], [22, 0, 1, 1, 0, 0], [2, 10, 0, 1, 0, 0], [13, 10, 0, 1, 0, 1], [24, 10, 1, 0, 0, 0], [13, 10, 0, 0, 0, 1], [13, 10, 1, 1, 1, 1], [13, 10, 0, 0, 0, 0], [13, 13, 1, 0, 0, 0]] 


----------------iteration:15----------------
tabu_x_genes: [13, 10, 1, 1, 0, 0] 
p1: [1 5] 
solution y fitness: 19.32091666666667 
delta: 0.7865833333333363 
tabu_list: [[13, 22, 1, 0, 1, 1], [13, 22, 1, 0, 0, 0], [22, 0, 1, 1, 0, 0], [2, 10, 0, 1, 0, 0], [13, 10, 0, 1, 0, 1], [24, 10, 1, 0, 0, 0], [13, 10, 0, 0, 0, 1], [13, 10, 1, 1, 1, 1], [13, 10, 0, 0, 0, 0], [13, 13, 1, 0, 0, 0], [13, 19, 1, 1, 0, 1]] 


----------------iteration:16----------------
tabu_x_genes: [13, 10, 1, 1, 0, 0] 
p1: [3 4] 
solution y fitness: 18.817 
delta: 0.2826666666666675 
tabu_list: [[13, 22, 1, 0, 0, 0], [22, 0, 1, 1, 0, 0], [2, 10, 0, 1, 0, 0], [13, 10, 0, 1, 0, 1], [24, 10, 1, 0, 0, 0], [13, 10, 0, 0, 0, 1], [13, 10, 1, 1, 1, 1], [13, 10, 0, 0, 0, 0], [13, 13, 1, 0, 0, 0], [13, 19, 1, 1, 0, 1], [13, 10, 1, 0, 1, 0]] 


----------------iteration:17----------------
tabu_x_genes: [13, 10, 1, 1, 0, 0] 
p1: [3 0] 
solution y fitness: 22.72675 
delta: 4.1924166666666665 
tabu_list: [[22, 0, 1, 1, 0, 0], [2, 10, 0, 1, 0, 0], [13, 10, 0, 1, 0, 1], [24, 10, 1, 0, 0, 0], [13, 10, 0, 0, 0, 1], [13, 10, 1, 1, 1, 1], [13, 10, 0, 0, 0, 0], [13, 13, 1, 0, 0, 0], [13, 19, 1, 1, 0, 1], [13, 10, 1, 0, 1, 0], [17, 10, 1, 0, 0, 0]] 


----------------iteration:18----------------
tabu_x_genes: [13, 10, 1, 1, 0, 0] 
p1: [5 3] 
solution y fitness: 19.272291666666668 
delta: 0.737958333333335 
tabu_list: [[2, 10, 0, 1, 0, 0], [13, 10, 0, 1, 0, 1], [24, 10, 1, 0, 0, 0], [13, 10, 0, 0, 0, 1], [13, 10, 1, 1, 1, 1], [13, 10, 0, 0, 0, 0], [13, 13, 1, 0, 0, 0], [13, 19, 1, 1, 0, 1], [13, 10, 1, 0, 1, 0], [17, 10, 1, 0, 0, 0], [13, 10, 1, 0, 0, 1]] 


----------------iteration:19----------------
tabu_x_genes: [13, 10, 1, 1, 0, 0] 
p1: [3 2] 
solution y fitness: 21.818125000000002 
delta: 3.2837916666666693 
tabu_list: [[13, 10, 0, 1, 0, 1], [24, 10, 1, 0, 0, 0], [13, 10, 0, 0, 0, 1], [13, 10, 1, 1, 1, 1], [13, 10, 0, 0, 0, 0], [13, 13, 1, 0, 0, 0], [13, 19, 1, 1, 0, 1], [13, 10, 1, 0, 1, 0], [17, 10, 1, 0, 0, 0], [13, 10, 1, 0, 0, 1], [13, 6, 0, 0, 0, 0]] 


----------------iteration:20----------------
tabu_x_genes: [13, 10, 1, 1, 0, 0] 
p1: [0 5] 
solution y fitness: 18.368433333333332 
delta: -0.1659000000000006 
solution x y ile değiştirildi. Daha iyi performans

----------------iteration:21----------------
tabu_x_genes: [0, 10, 1, 1, 0, 1] 
p1: [4 5] 
solution y fitness: 19.3286625 
delta: 0.960229166666668 
tabu_list: [[24, 10, 1, 0, 0, 0], [13, 10, 0, 0, 0, 1], [13, 10, 1, 1, 1, 1], [13, 10, 0, 0, 0, 0], [13, 13, 1, 0, 0, 0], [13, 19, 1, 1, 0, 1], [13, 10, 1, 0, 1, 0], [17, 10, 1, 0, 0, 0], [13, 10, 1, 0, 0, 1], [13, 6, 0, 0, 0, 0], [0, 10, 1, 1, 1, 0]] 


----------------iteration:22----------------
tabu_x_genes: [0, 10, 1, 1, 0, 1] 
p1: [5 4] 
solution y fitness: 18.979925 
delta: 0.6114916666666694 
tabu_list: [[13, 10, 0, 0, 0, 1], [13, 10, 1, 1, 1, 1], [13, 10, 0, 0, 0, 0], [13, 13, 1, 0, 0, 0], [13, 19, 1, 1, 0, 1], [13, 10, 1, 0, 1, 0], [17, 10, 1, 0, 0, 0], [13, 10, 1, 0, 0, 1], [13, 6, 0, 0, 0, 0], [0, 10, 1, 1, 1, 0], [0, 10, 1, 0, 1, 0]] 


----------------iteration:23----------------
tabu_x_genes: [0, 10, 1, 1, 0, 1] 
p1: [5 0] 
solution y fitness: 23.221708333333332 
delta: 4.853275 
tabu_list: [[13, 10, 1, 1, 1, 1], [13, 10, 0, 0, 0, 0], [13, 13, 1, 0, 0, 0], [13, 19, 1, 1, 0, 1], [13, 10, 1, 0, 1, 0], [17, 10, 1, 0, 0, 0], [13, 10, 1, 0, 0, 1], [13, 6, 0, 0, 0, 0], [0, 10, 1, 1, 1, 0], [0, 10, 1, 0, 1, 0], [8, 10, 1, 1, 0, 0]] 


----------------iteration:24----------------
tabu_x_genes: [0, 10, 1, 1, 0, 1] 
p1: [4 2] 
solution y fitness: 19.491541666666667 
delta: 1.1231083333333345 
tabu_list: [[13, 10, 0, 0, 0, 0], [13, 13, 1, 0, 0, 0], [13, 19, 1, 1, 0, 1], [13, 10, 1, 0, 1, 0], [17, 10, 1, 0, 0, 0], [13, 10, 1, 0, 0, 1], [13, 6, 0, 0, 0, 0], [0, 10, 1, 1, 1, 0], [0, 10, 1, 0, 1, 0], [8, 10, 1, 1, 0, 0], [0, 10, 0, 1, 1, 1]] 


----------------iteration:25----------------
tabu_x_genes: [0, 10, 1, 1, 0, 1] 
p1: [2 4] 
solution y fitness: 22.4324375 
delta: 4.064004166666667 
tabu_list: [[13, 13, 1, 0, 0, 0], [13, 19, 1, 1, 0, 1], [13, 10, 1, 0, 1, 0], [17, 10, 1, 0, 0, 0], [13, 10, 1, 0, 0, 1], [13, 6, 0, 0, 0, 0], [0, 10, 1, 1, 1, 0], [0, 10, 1, 0, 1, 0], [8, 10, 1, 1, 0, 0], [0, 10, 0, 1, 1, 1], [30, 10, 0, 1, 1, 0]] 


----------------iteration:26----------------
tabu_x_genes: [0, 10, 1, 1, 0, 1] 
p1: [2 0] 
solution y fitness: 21.4115 
delta: 3.043066666666668 
tabu_list: [[13, 19, 1, 1, 0, 1], [13, 10, 1, 0, 1, 0], [17, 10, 1, 0, 0, 0], [13, 10, 1, 0, 0, 1], [13, 6, 0, 0, 0, 0], [0, 10, 1, 1, 1, 0], [0, 10, 1, 0, 1, 0], [8, 10, 1, 1, 0, 0], [0, 10, 0, 1, 1, 1], [30, 10, 0, 1, 1, 0], [16, 10, 0, 1, 0, 1]] 


----------------iteration:27----------------
tabu_x_genes: [0, 10, 1, 1, 0, 1] 
p1: [1 2] 
solution y fitness: 19.894891666666666 
delta: 1.5264583333333341 
tabu_list: [[13, 10, 1, 0, 1, 0], [17, 10, 1, 0, 0, 0], [13, 10, 1, 0, 0, 1], [13, 6, 0, 0, 0, 0], [0, 10, 1, 1, 1, 0], [0, 10, 1, 0, 1, 0], [8, 10, 1, 1, 0, 0], [0, 10, 0, 1, 1, 1], [30, 10, 0, 1, 1, 0], [16, 10, 0, 1, 0, 1], [0, 17, 0, 1, 0, 1]] 


----------------iteration:28----------------
tabu_x_genes: [0, 10, 1, 1, 0, 1] 
p1: [2 4] 
solution y fitness: 31.152166666666666 
delta: 12.783733333333334 
tabu_list: [[17, 10, 1, 0, 0, 0], [13, 10, 1, 0, 0, 1], [13, 6, 0, 0, 0, 0], [0, 10, 1, 1, 1, 0], [0, 10, 1, 0, 1, 0], [8, 10, 1, 1, 0, 0], [0, 10, 0, 1, 1, 1], [30, 10, 0, 1, 1, 0], [16, 10, 0, 1, 0, 1], [0, 17, 0, 1, 0, 1], [24, 10, 0, 1, 1, 1]] 


----------------iteration:29----------------
tabu_x_genes: [0, 10, 1, 1, 0, 1] 
p1: [0 4] 
solution y fitness: 20.869333333333334 
delta: 2.5009000000000015 
tabu_list: [[13, 10, 1, 0, 0, 1], [13, 6, 0, 0, 0, 0], [0, 10, 1, 1, 1, 0], [0, 10, 1, 0, 1, 0], [8, 10, 1, 1, 0, 0], [0, 10, 0, 1, 1, 1], [30, 10, 0, 1, 1, 0], [16, 10, 0, 1, 0, 1], [0, 17, 0, 1, 0, 1], [24, 10, 0, 1, 1, 1], [3, 10, 1, 1, 1, 1]] 


----------------iteration:30----------------
tabu_x_genes: [0, 10, 1, 1, 0, 1] 
p1: [5 2] 
solution y fitness: 19.35960625 
delta: 0.9911729166666667 
tabu_list: [[13, 6, 0, 0, 0, 0], [0, 10, 1, 1, 1, 0], [0, 10, 1, 0, 1, 0], [8, 10, 1, 1, 0, 0], [0, 10, 0, 1, 1, 1], [30, 10, 0, 1, 1, 0], [16, 10, 0, 1, 0, 1], [0, 17, 0, 1, 0, 1], [24, 10, 0, 1, 1, 1], [3, 10, 1, 1, 1, 1], [0, 10, 0, 1, 0, 0]] 


----------------iteration:31----------------
tabu_x_genes: [0, 10, 1, 1, 0, 1] 
p1: [3 1] 
solution y fitness: 19.223675 
delta: 0.855241666666668 
tabu_list: [[0, 10, 1, 1, 1, 0], [0, 10, 1, 0, 1, 0], [8, 10, 1, 1, 0, 0], [0, 10, 0, 1, 1, 1], [30, 10, 0, 1, 1, 0], [16, 10, 0, 1, 0, 1], [0, 17, 0, 1, 0, 1], [24, 10, 0, 1, 1, 1], [3, 10, 1, 1, 1, 1], [0, 10, 0, 1, 0, 0], [0, 17, 1, 0, 0, 1]] 


----------------iteration:32----------------
tabu_x_genes: [0, 10, 1, 1, 0, 1] 
p1: [4 0] 
solution y fitness: 21.433500000000002 
delta: 3.06506666666667 
tabu_list: [[0, 10, 1, 0, 1, 0], [8, 10, 1, 1, 0, 0], [0, 10, 0, 1, 1, 1], [30, 10, 0, 1, 1, 0], [16, 10, 0, 1, 0, 1], [0, 17, 0, 1, 0, 1], [24, 10, 0, 1, 1, 1], [3, 10, 1, 1, 1, 1], [0, 10, 0, 1, 0, 0], [0, 17, 1, 0, 0, 1], [9, 10, 1, 1, 1, 1]] 


----------------iteration:33----------------
tabu_x_genes: [0, 10, 1, 1, 0, 1] 
p1: [5 0] 
solution y fitness: 21.988062499999998 
delta: 3.619629166666666 
tabu_list: [[8, 10, 1, 1, 0, 0], [0, 10, 0, 1, 1, 1], [30, 10, 0, 1, 1, 0], [16, 10, 0, 1, 0, 1], [0, 17, 0, 1, 0, 1], [24, 10, 0, 1, 1, 1], [3, 10, 1, 1, 1, 1], [0, 10, 0, 1, 0, 0], [0, 17, 1, 0, 0, 1], [9, 10, 1, 1, 1, 1], [31, 10, 1, 1, 0, 0]] 


----------------iteration:34----------------
tabu_x_genes: [0, 10, 1, 1, 0, 1] 
p1: [2 3] 
solution y fitness: 21.74170625 
delta: 3.373272916666668 
tabu_list: [[0, 10, 0, 1, 1, 1], [30, 10, 0, 1, 1, 0], [16, 10, 0, 1, 0, 1], [0, 17, 0, 1, 0, 1], [24, 10, 0, 1, 1, 1], [3, 10, 1, 1, 1, 1], [0, 10, 0, 1, 0, 0], [0, 17, 1, 0, 0, 1], [9, 10, 1, 1, 1, 1], [31, 10, 1, 1, 0, 0], [0, 10, 0, 0, 0, 1]] 


----------------iteration:35----------------
tabu_x_genes: [0, 10, 1, 1, 0, 1] 
p1: [5 3] 
solution y fitness: 21.125462499999998 
delta: 2.7570291666666655 
tabu_list: [[30, 10, 0, 1, 1, 0], [16, 10, 0, 1, 0, 1], [0, 17, 0, 1, 0, 1], [24, 10, 0, 1, 1, 1], [3, 10, 1, 1, 1, 1], [0, 10, 0, 1, 0, 0], [0, 17, 1, 0, 0, 1], [9, 10, 1, 1, 1, 1], [31, 10, 1, 1, 0, 0], [0, 10, 0, 0, 0, 1], [0, 10, 1, 0, 0, 0]] 


----------------iteration:36----------------
tabu_x_genes: [0, 10, 1, 1, 0, 1] 
p1: [1 4] 
solution y fitness: 19.21221875 
delta: 0.8437854166666696 
tabu_list: [[16, 10, 0, 1, 0, 1], [0, 17, 0, 1, 0, 1], [24, 10, 0, 1, 1, 1], [3, 10, 1, 1, 1, 1], [0, 10, 0, 1, 0, 0], [0, 17, 1, 0, 0, 1], [9, 10, 1, 1, 1, 1], [31, 10, 1, 1, 0, 0], [0, 10, 0, 0, 0, 1], [0, 10, 1, 0, 0, 0], [0, 22, 1, 1, 1, 1]] 


----------------iteration:37----------------
tabu_x_genes: [0, 10, 1, 1, 0, 1] 
p1: [5 1] 
solution y fitness: 18.982210416666668 
delta: 0.6137770833333356 
tabu_list: [[0, 17, 0, 1, 0, 1], [24, 10, 0, 1, 1, 1], [3, 10, 1, 1, 1, 1], [0, 10, 0, 1, 0, 0], [0, 17, 1, 0, 0, 1], [9, 10, 1, 1, 1, 1], [31, 10, 1, 1, 0, 0], [0, 10, 0, 0, 0, 1], [0, 10, 1, 0, 0, 0], [0, 22, 1, 1, 1, 1], [0, 6, 1, 1, 0, 0]] 


----------------iteration:38----------------
tabu_x_genes: [0, 10, 1, 1, 0, 1] 
p1: [4 3] 
solution y fitness: 19.435616666666668 
delta: 1.067183333333336 
tabu_list: [[24, 10, 0, 1, 1, 1], [3, 10, 1, 1, 1, 1], [0, 10, 0, 1, 0, 0], [0, 17, 1, 0, 0, 1], [9, 10, 1, 1, 1, 1], [31, 10, 1, 1, 0, 0], [0, 10, 0, 0, 0, 1], [0, 10, 1, 0, 0, 0], [0, 22, 1, 1, 1, 1], [0, 6, 1, 1, 0, 0], [0, 10, 1, 0, 1, 1]] 


----------------iteration:39----------------
tabu_x_genes: [0, 10, 1, 1, 0, 1] 
p1: [1 4] 
solution y fitness: 19.534770833333333 
delta: 1.166337500000001 
tabu_list: [[3, 10, 1, 1, 1, 1], [0, 10, 0, 1, 0, 0], [0, 17, 1, 0, 0, 1], [9, 10, 1, 1, 1, 1], [31, 10, 1, 1, 0, 0], [0, 10, 0, 0, 0, 1], [0, 10, 1, 0, 0, 0], [0, 22, 1, 1, 1, 1], [0, 6, 1, 1, 0, 0], [0, 10, 1, 0, 1, 1], [0, 9, 1, 1, 1, 1]] 


----------------iteration:40----------------
tabu_x_genes: [0, 10, 1, 1, 0, 1] 
p1: [3 5] 
solution y fitness: 21.618108333333332 
delta: 3.249675 
tabu_list: [[0, 10, 0, 1, 0, 0], [0, 17, 1, 0, 0, 1], [9, 10, 1, 1, 1, 1], [31, 10, 1, 1, 0, 0], [0, 10, 0, 0, 0, 1], [0, 10, 1, 0, 0, 0], [0, 22, 1, 1, 1, 1], [0, 6, 1, 1, 0, 0], [0, 10, 1, 0, 1, 1], [0, 9, 1, 1, 1, 1], [0, 10, 0, 0, 0, 0]] 


----------------iteration:41----------------
tabu_x_genes: [0, 10, 1, 1, 0, 1] 
p1: [4 0] 
solution y fitness: 22.141 
delta: 3.772566666666666 
tabu_list: [[0, 17, 1, 0, 0, 1], [9, 10, 1, 1, 1, 1], [31, 10, 1, 1, 0, 0], [0, 10, 0, 0, 0, 1], [0, 10, 1, 0, 0, 0], [0, 22, 1, 1, 1, 1], [0, 6, 1, 1, 0, 0], [0, 10, 1, 0, 1, 1], [0, 9, 1, 1, 1, 1], [0, 10, 0, 0, 0, 0], [28, 10, 1, 1, 1, 1]] 


----------------iteration:42----------------
tabu_x_genes: [0, 10, 1, 1, 0, 1] 
p1: [4 5] 
solution y fitness: 19.3286625 
delta: 0.960229166666668 
tabu_list: [[9, 10, 1, 1, 1, 1], [31, 10, 1, 1, 0, 0], [0, 10, 0, 0, 0, 1], [0, 10, 1, 0, 0, 0], [0, 22, 1, 1, 1, 1], [0, 6, 1, 1, 0, 0], [0, 10, 1, 0, 1, 1], [0, 9, 1, 1, 1, 1], [0, 10, 0, 0, 0, 0], [28, 10, 1, 1, 1, 1], [0, 10, 1, 1, 1, 0]] 


----------------iteration:43----------------
tabu_x_genes: [0, 10, 1, 1, 0, 1] 
p1: [2 4] 
solution y fitness: 19.491541666666667 
delta: 1.1231083333333345 
tabu_list: [[31, 10, 1, 1, 0, 0], [0, 10, 0, 0, 0, 1], [0, 10, 1, 0, 0, 0], [0, 22, 1, 1, 1, 1], [0, 6, 1, 1, 0, 0], [0, 10, 1, 0, 1, 1], [0, 9, 1, 1, 1, 1], [0, 10, 0, 0, 0, 0], [28, 10, 1, 1, 1, 1], [0, 10, 1, 1, 1, 0], [0, 10, 0, 1, 1, 1]] 


----------------iteration:44----------------
tabu_x_genes: [0, 10, 1, 1, 0, 1] 
p1: [5 4] 
solution y fitness: 18.817 
delta: 0.4485666666666681 
tabu_list: [[0, 10, 0, 0, 0, 1], [0, 10, 1, 0, 0, 0], [0, 22, 1, 1, 1, 1], [0, 6, 1, 1, 0, 0], [0, 10, 1, 0, 1, 1], [0, 9, 1, 1, 1, 1], [0, 10, 0, 0, 0, 0], [28, 10, 1, 1, 1, 1], [0, 10, 1, 1, 1, 0], [0, 10, 0, 1, 1, 1], [13, 10, 1, 0, 1, 0]] 


----------------iteration:45----------------
tabu_x_genes: [0, 10, 1, 1, 0, 1] 
p1: [3 2] 
solution y fitness: 21.74170625 
delta: 3.373272916666668 
tabu_list: [[0, 10, 1, 0, 0, 0], [0, 22, 1, 1, 1, 1], [0, 6, 1, 1, 0, 0], [0, 10, 1, 0, 1, 1], [0, 9, 1, 1, 1, 1], [0, 10, 0, 0, 0, 0], [28, 10, 1, 1, 1, 1], [0, 10, 1, 1, 1, 0], [0, 10, 0, 1, 1, 1], [13, 10, 1, 0, 1, 0], [0, 10, 0, 0, 0, 1]] 


----------------iteration:46----------------
tabu_x_genes: [0, 10, 1, 1, 0, 1] 
p1: [0 1] 
solution y fitness: 20.650666666666666 
delta: 2.282233333333334 
tabu_list: [[0, 22, 1, 1, 1, 1], [0, 6, 1, 1, 0, 0], [0, 10, 1, 0, 1, 1], [0, 9, 1, 1, 1, 1], [0, 10, 0, 0, 0, 0], [28, 10, 1, 1, 1, 1], [0, 10, 1, 1, 1, 0], [0, 10, 0, 1, 1, 1], [13, 10, 1, 0, 1, 0], [0, 10, 0, 0, 0, 1], [14, 9, 1, 1, 0, 1]] 


----------------iteration:47----------------
tabu_x_genes: [0, 10, 1, 1, 0, 1] 
p1: [2 4] 
solution y fitness: 18.582349999999998 
delta: 0.2139166666666661 
tabu_list: [[0, 6, 1, 1, 0, 0], [0, 10, 1, 0, 1, 1], [0, 9, 1, 1, 1, 1], [0, 10, 0, 0, 0, 0], [28, 10, 1, 1, 1, 1], [0, 10, 1, 1, 1, 0], [0, 10, 0, 1, 1, 1], [13, 10, 1, 0, 1, 0], [0, 10, 0, 0, 0, 1], [14, 9, 1, 1, 0, 1], [0, 10, 0, 1, 1, 0]] 


----------------iteration:48----------------
tabu_x_genes: [0, 10, 1, 1, 0, 1] 
p1: [2 0] 
solution y fitness: 18.867416666666667 
delta: 0.4989833333333351 
tabu_list: [[0, 10, 1, 0, 1, 1], [0, 9, 1, 1, 1, 1], [0, 10, 0, 0, 0, 0], [28, 10, 1, 1, 1, 1], [0, 10, 1, 1, 1, 0], [0, 10, 0, 1, 1, 1], [13, 10, 1, 0, 1, 0], [0, 10, 0, 0, 0, 1], [14, 9, 1, 1, 0, 1], [0, 10, 0, 1, 1, 0], [13, 10, 0, 1, 0, 1]] 


----------------iteration:49----------------
tabu_x_genes: [0, 10, 1, 1, 0, 1] 
p1: [4 5] 
solution y fitness: 23.663891666666665 
delta: 5.2954583333333325 
tabu_list: [[0, 9, 1, 1, 1, 1], [0, 10, 0, 0, 0, 0], [28, 10, 1, 1, 1, 1], [0, 10, 1, 1, 1, 0], [0, 10, 0, 1, 1, 1], [13, 10, 1, 0, 1, 0], [0, 10, 0, 0, 0, 1], [14, 9, 1, 1, 0, 1], [0, 10, 0, 1, 1, 0], [13, 10, 0, 1, 0, 1], [20, 21, 1, 1, 1, 0]] 


----------------iteration:50----------------
tabu_x_genes: [0, 10, 1, 1, 0, 1] 
p1: [0 4] 
solution y fitness: 19.903916666666667 
delta: 1.5354833333333353 
tabu_list: [[0, 10, 0, 0, 0, 0], [28, 10, 1, 1, 1, 1], [0, 10, 1, 1, 1, 0], [0, 10, 0, 1, 1, 1], [13, 10, 1, 0, 1, 0], [0, 10, 0, 0, 0, 1], [14, 9, 1, 1, 0, 1], [0, 10, 0, 1, 1, 0], [13, 10, 0, 1, 0, 1], [20, 21, 1, 1, 1, 0], [13, 10, 1, 1, 1, 1]] 


----------------iteration:51----------------
tabu_x_genes: [0, 10, 1, 1, 0, 1] 
p1: [5 3] 
solution y fitness: 21.125462499999998 
delta: 2.7570291666666655 
tabu_list: [[28, 10, 1, 1, 1, 1], [0, 10, 1, 1, 1, 0], [0, 10, 0, 1, 1, 1], [13, 10, 1, 0, 1, 0], [0, 10, 0, 0, 0, 1], [14, 9, 1, 1, 0, 1], [0, 10, 0, 1, 1, 0], [13, 10, 0, 1, 0, 1], [20, 21, 1, 1, 1, 0], [13, 10, 1, 1, 1, 1], [0, 10, 1, 0, 0, 0]] 


----------------iteration:52----------------
tabu_x_genes: [0, 10, 1, 1, 0, 1] 
p1: [2 3] 
solution y fitness: 27.162924999999998 
delta: 8.794491666666666 
tabu_list: [[0, 10, 1, 1, 1, 0], [0, 10, 0, 1, 1, 1], [13, 10, 1, 0, 1, 0], [0, 10, 0, 0, 0, 1], [14, 9, 1, 1, 0, 1], [0, 10, 0, 1, 1, 0], [13, 10, 0, 1, 0, 1], [20, 21, 1, 1, 1, 0], [13, 10, 1, 1, 1, 1], [0, 10, 1, 0, 0, 0], [22, 10, 0, 0, 0, 1]] 


----------------iteration:53----------------
tabu_x_genes: [0, 10, 1, 1, 0, 1] 
p1: [3 1] 
solution y fitness: 19.267341666666667 
delta: 0.8989083333333348 
tabu_list: [[0, 10, 0, 1, 1, 1], [13, 10, 1, 0, 1, 0], [0, 10, 0, 0, 0, 1], [14, 9, 1, 1, 0, 1], [0, 10, 0, 1, 1, 0], [13, 10, 0, 1, 0, 1], [20, 21, 1, 1, 1, 0], [13, 10, 1, 1, 1, 1], [0, 10, 1, 0, 0, 0], [22, 10, 0, 0, 0, 1], [0, 2, 1, 0, 0, 1]] 


----------------iteration:54----------------
tabu_x_genes: [0, 10, 1, 1, 0, 1] 
p1: [4 2] 
solution y fitness: 19.491541666666667 
delta: 1.1231083333333345 
tabu_list: [[13, 10, 1, 0, 1, 0], [0, 10, 0, 0, 0, 1], [14, 9, 1, 1, 0, 1], [0, 10, 0, 1, 1, 0], [13, 10, 0, 1, 0, 1], [20, 21, 1, 1, 1, 0], [13, 10, 1, 1, 1, 1], [0, 10, 1, 0, 0, 0], [22, 10, 0, 0, 0, 1], [0, 2, 1, 0, 0, 1], [0, 10, 0, 1, 1, 1]] 


----------------iteration:55----------------
tabu_x_genes: [0, 10, 1, 1, 0, 1] 
p1: [5 0] 
solution y fitness: 21.537583333333334 
delta: 3.169150000000002 
tabu_list: [[0, 10, 0, 0, 0, 1], [14, 9, 1, 1, 0, 1], [0, 10, 0, 1, 1, 0], [13, 10, 0, 1, 0, 1], [20, 21, 1, 1, 1, 0], [13, 10, 1, 1, 1, 1], [0, 10, 1, 0, 0, 0], [22, 10, 0, 0, 0, 1], [0, 2, 1, 0, 0, 1], [0, 10, 0, 1, 1, 1], [11, 10, 1, 1, 0, 0]] 


----------------iteration:56----------------
tabu_x_genes: [0, 10, 1, 1, 0, 1] 
p1: [5 4] 
solution y fitness: 19.3286625 
delta: 0.960229166666668 
tabu_list: [[14, 9, 1, 1, 0, 1], [0, 10, 0, 1, 1, 0], [13, 10, 0, 1, 0, 1], [20, 21, 1, 1, 1, 0], [13, 10, 1, 1, 1, 1], [0, 10, 1, 0, 0, 0], [22, 10, 0, 0, 0, 1], [0, 2, 1, 0, 0, 1], [0, 10, 0, 1, 1, 1], [11, 10, 1, 1, 0, 0], [0, 10, 1, 1, 1, 0]] 


----------------iteration:57----------------
tabu_x_genes: [0, 10, 1, 1, 0, 1] 
p1: [3 5] 
solution y fitness: 26.0284375 
delta: 7.660004166666667 
tabu_list: [[0, 10, 0, 1, 1, 0], [13, 10, 0, 1, 0, 1], [20, 21, 1, 1, 1, 0], [13, 10, 1, 1, 1, 1], [0, 10, 1, 0, 0, 0], [22, 10, 0, 0, 0, 1], [0, 2, 1, 0, 0, 1], [0, 10, 0, 1, 1, 1], [11, 10, 1, 1, 0, 0], [0, 10, 1, 1, 1, 0], [35, 10, 1, 0, 0, 0]] 


----------------iteration:58----------------
tabu_x_genes: [0, 10, 1, 1, 0, 1] 
p1: [5 1] 
solution y fitness: 18.28304375 
delta: -0.08538958333333113 
solution x y ile değiştirildi. Daha iyi performans

----------------iteration:59----------------
tabu_x_genes: [0, 8, 1, 1, 0, 0] 
p1: [5 4] 
solution y fitness: 19.576437499999997 
delta: 1.2933937499999963 
tabu_list: [[13, 10, 0, 1, 0, 1], [20, 21, 1, 1, 1, 0], [13, 10, 1, 1, 1, 1], [0, 10, 1, 0, 0, 0], [22, 10, 0, 0, 0, 1], [0, 2, 1, 0, 0, 1], [0, 10, 0, 1, 1, 1], [11, 10, 1, 1, 0, 0], [0, 10, 1, 1, 1, 0], [35, 10, 1, 0, 0, 0], [0, 8, 1, 1, 1, 1]] 


----------------iteration:60----------------
tabu_x_genes: [0, 8, 1, 1, 0, 0] 
p1: [2 0] 
solution y fitness: 22.344533333333334 
delta: 4.0614895833333335 
tabu_list: [[20, 21, 1, 1, 1, 0], [13, 10, 1, 1, 1, 1], [0, 10, 1, 0, 0, 0], [22, 10, 0, 0, 0, 1], [0, 2, 1, 0, 0, 1], [0, 10, 0, 1, 1, 1], [11, 10, 1, 1, 0, 0], [0, 10, 1, 1, 1, 0], [35, 10, 1, 0, 0, 0], [0, 8, 1, 1, 1, 1], [19, 8, 0, 1, 0, 0]] 


----------------iteration:61----------------
tabu_x_genes: [0, 8, 1, 1, 0, 0] 
p1: [4 5] 
solution y fitness: 19.303041666666665 
delta: 1.0199979166666644 
tabu_list: [[13, 10, 1, 1, 1, 1], [0, 10, 1, 0, 0, 0], [22, 10, 0, 0, 0, 1], [0, 2, 1, 0, 0, 1], [0, 10, 0, 1, 1, 1], [11, 10, 1, 1, 0, 0], [0, 10, 1, 1, 1, 0], [35, 10, 1, 0, 0, 0], [0, 8, 1, 1, 1, 1], [19, 8, 0, 1, 0, 0], [0, 21, 0, 1, 1, 1]] 


----------------iteration:62----------------
tabu_x_genes: [0, 8, 1, 1, 0, 0] 
p1: [2 3] 
solution y fitness: 19.478275 
delta: 1.195231249999999 
tabu_list: [[0, 10, 1, 0, 0, 0], [22, 10, 0, 0, 0, 1], [0, 2, 1, 0, 0, 1], [0, 10, 0, 1, 1, 1], [11, 10, 1, 1, 0, 0], [0, 10, 1, 1, 1, 0], [35, 10, 1, 0, 0, 0], [0, 8, 1, 1, 1, 1], [19, 8, 0, 1, 0, 0], [0, 21, 0, 1, 1, 1], [0, 8, 0, 0, 0, 0]] 


----------------iteration:63----------------
tabu_x_genes: [0, 8, 1, 1, 0, 0] 
p1: [2 3] 
solution y fitness: 20.21393541666667 
delta: 1.9308916666666676 
tabu_list: [[22, 10, 0, 0, 0, 1], [0, 2, 1, 0, 0, 1], [0, 10, 0, 1, 1, 1], [11, 10, 1, 1, 0, 0], [0, 10, 1, 1, 1, 0], [35, 10, 1, 0, 0, 0], [0, 8, 1, 1, 1, 1], [19, 8, 0, 1, 0, 0], [0, 21, 0, 1, 1, 1], [0, 8, 0, 0, 0, 0], [0, 8, 0, 0, 1, 0]] 


----------------iteration:64----------------
tabu_x_genes: [0, 8, 1, 1, 0, 0] 
p1: [4 3] 
solution y fitness: 19.78741458333333 
delta: 1.5043708333333292 
tabu_list: [[0, 2, 1, 0, 0, 1], [0, 10, 0, 1, 1, 1], [11, 10, 1, 1, 0, 0], [0, 10, 1, 1, 1, 0], [35, 10, 1, 0, 0, 0], [0, 8, 1, 1, 1, 1], [19, 8, 0, 1, 0, 0], [0, 21, 0, 1, 1, 1], [0, 8, 0, 0, 0, 0], [0, 8, 0, 0, 1, 0], [0, 8, 1, 0, 1, 0]] 


----------------iteration:65----------------
tabu_x_genes: [0, 8, 1, 1, 0, 0] 
p1: [5 1] 
solution y fitness: 18.881183333333333 
delta: 0.5981395833333316 
tabu_list: [[0, 10, 0, 1, 1, 1], [11, 10, 1, 1, 0, 0], [0, 10, 1, 1, 1, 0], [35, 10, 1, 0, 0, 0], [0, 8, 1, 1, 1, 1], [19, 8, 0, 1, 0, 0], [0, 21, 0, 1, 1, 1], [0, 8, 0, 0, 0, 0], [0, 8, 0, 0, 1, 0], [0, 8, 1, 0, 1, 0], [0, 0, 1, 1, 0, 1]] 


----------------iteration:66----------------
tabu_x_genes: [0, 8, 1, 1, 0, 0] 
p1: [0 4] 
solution y fitness: 20.505083333333335 
delta: 2.222039583333334 
tabu_list: [[11, 10, 1, 1, 0, 0], [0, 10, 1, 1, 1, 0], [35, 10, 1, 0, 0, 0], [0, 8, 1, 1, 1, 1], [19, 8, 0, 1, 0, 0], [0, 21, 0, 1, 1, 1], [0, 8, 0, 0, 0, 0], [0, 8, 0, 0, 1, 0], [0, 8, 1, 0, 1, 0], [0, 0, 1, 1, 0, 1], [17, 8, 1, 1, 1, 0]] 


----------------iteration:67----------------
tabu_x_genes: [0, 8, 1, 1, 0, 0] 
p1: [4 1] 
solution y fitness: 18.73307916666667 
delta: 0.4500354166666689 
tabu_list: [[0, 10, 1, 1, 1, 0], [35, 10, 1, 0, 0, 0], [0, 8, 1, 1, 1, 1], [19, 8, 0, 1, 0, 0], [0, 21, 0, 1, 1, 1], [0, 8, 0, 0, 0, 0], [0, 8, 0, 0, 1, 0], [0, 8, 1, 0, 1, 0], [0, 0, 1, 1, 0, 1], [17, 8, 1, 1, 1, 0], [0, 14, 1, 1, 1, 0]] 


----------------iteration:68----------------
tabu_x_genes: [0, 8, 1, 1, 0, 0] 
p1: [0 2] 
solution y fitness: 20.555583333333335 
delta: 2.2725395833333337 
tabu_list: [[35, 10, 1, 0, 0, 0], [0, 8, 1, 1, 1, 1], [19, 8, 0, 1, 0, 0], [0, 21, 0, 1, 1, 1], [0, 8, 0, 0, 0, 0], [0, 8, 0, 0, 1, 0], [0, 8, 1, 0, 1, 0], [0, 0, 1, 1, 0, 1], [17, 8, 1, 1, 1, 0], [0, 14, 1, 1, 1, 0], [14, 8, 0, 1, 0, 0]] 


----------------iteration:69----------------
tabu_x_genes: [0, 8, 1, 1, 0, 0] 
p1: [3 2] 
solution y fitness: 33.42277916666667 
delta: 15.13973541666667 
tabu_list: [[0, 8, 1, 1, 1, 1], [19, 8, 0, 1, 0, 0], [0, 21, 0, 1, 1, 1], [0, 8, 0, 0, 0, 0], [0, 8, 0, 0, 1, 0], [0, 8, 1, 0, 1, 0], [0, 0, 1, 1, 0, 1], [17, 8, 1, 1, 1, 0], [0, 14, 1, 1, 1, 0], [14, 8, 0, 1, 0, 0], [26, 8, 0, 0, 1, 0]] 


----------------iteration:70----------------
tabu_x_genes: [0, 8, 1, 1, 0, 0] 
p1: [2 3] 
solution y fitness: 20.328477083333336 
delta: 2.045433333333335 
tabu_list: [[19, 8, 0, 1, 0, 0], [0, 21, 0, 1, 1, 1], [0, 8, 0, 0, 0, 0], [0, 8, 0, 0, 1, 0], [0, 8, 1, 0, 1, 0], [0, 0, 1, 1, 0, 1], [17, 8, 1, 1, 1, 0], [0, 14, 1, 1, 1, 0], [14, 8, 0, 1, 0, 0], [26, 8, 0, 0, 1, 0], [0, 5, 0, 0, 1, 0]] 


----------------iteration:71----------------
tabu_x_genes: [0, 8, 1, 1, 0, 0] 
p1: [3 1] 
solution y fitness: 21.1167125 
delta: 2.8336687499999975 
tabu_list: [[0, 21, 0, 1, 1, 1], [0, 8, 0, 0, 0, 0], [0, 8, 0, 0, 1, 0], [0, 8, 1, 0, 1, 0], [0, 0, 1, 1, 0, 1], [17, 8, 1, 1, 1, 0], [0, 14, 1, 1, 1, 0], [14, 8, 0, 1, 0, 0], [26, 8, 0, 0, 1, 0], [0, 5, 0, 0, 1, 0], [0, 11, 1, 0, 0, 0]] 


----------------iteration:72----------------
tabu_x_genes: [0, 8, 1, 1, 0, 0] 
p1: [3 0] 
solution y fitness: 24.1155 
delta: 5.83245625 
tabu_list: [[0, 8, 0, 0, 0, 0], [0, 8, 0, 0, 1, 0], [0, 8, 1, 0, 1, 0], [0, 0, 1, 1, 0, 1], [17, 8, 1, 1, 1, 0], [0, 14, 1, 1, 1, 0], [14, 8, 0, 1, 0, 0], [26, 8, 0, 0, 1, 0], [0, 5, 0, 0, 1, 0], [0, 11, 1, 0, 0, 0], [11, 8, 1, 0, 0, 0]] 


----------------iteration:73----------------
tabu_x_genes: [0, 8, 1, 1, 0, 0] 
p1: [1 4] 
solution y fitness: 19.847322916666666 
delta: 1.5642791666666653 
tabu_list: [[0, 8, 0, 0, 1, 0], [0, 8, 1, 0, 1, 0], [0, 0, 1, 1, 0, 1], [17, 8, 1, 1, 1, 0], [0, 14, 1, 1, 1, 0], [14, 8, 0, 1, 0, 0], [26, 8, 0, 0, 1, 0], [0, 5, 0, 0, 1, 0], [0, 11, 1, 0, 0, 0], [11, 8, 1, 0, 0, 0], [0, 14, 0, 1, 1, 1]] 


----------------iteration:74----------------
tabu_x_genes: [0, 8, 1, 1, 0, 0] 
p1: [5 0] 
solution y fitness: 20.761916666666664 
delta: 2.4788729166666634 
tabu_list: [[0, 8, 1, 0, 1, 0], [0, 0, 1, 1, 0, 1], [17, 8, 1, 1, 1, 0], [0, 14, 1, 1, 1, 0], [14, 8, 0, 1, 0, 0], [26, 8, 0, 0, 1, 0], [0, 5, 0, 0, 1, 0], [0, 11, 1, 0, 0, 0], [11, 8, 1, 0, 0, 0], [0, 14, 0, 1, 1, 1], [30, 8, 1, 1, 0, 1]] 


----------------iteration:75----------------
tabu_x_genes: [0, 8, 1, 1, 0, 0] 
p1: [5 3] 
solution y fitness: 19.223675 
delta: 0.9406312499999991 
tabu_list: [[0, 0, 1, 1, 0, 1], [17, 8, 1, 1, 1, 0], [0, 14, 1, 1, 1, 0], [14, 8, 0, 1, 0, 0], [26, 8, 0, 0, 1, 0], [0, 5, 0, 0, 1, 0], [0, 11, 1, 0, 0, 0], [11, 8, 1, 0, 0, 0], [0, 14, 0, 1, 1, 1], [30, 8, 1, 1, 0, 1], [0, 8, 1, 0, 0, 1]] 


----------------iteration:76----------------
tabu_x_genes: [0, 8, 1, 1, 0, 0] 
p1: [4 2] 
solution y fitness: 19.313016666666663 
delta: 1.0299729166666616 
tabu_list: [[17, 8, 1, 1, 1, 0], [0, 14, 1, 1, 1, 0], [14, 8, 0, 1, 0, 0], [26, 8, 0, 0, 1, 0], [0, 5, 0, 0, 1, 0], [0, 11, 1, 0, 0, 0], [11, 8, 1, 0, 0, 0], [0, 14, 0, 1, 1, 1], [30, 8, 1, 1, 0, 1], [0, 8, 1, 0, 0, 1], [0, 8, 0, 1, 1, 0]] 


----------------iteration:77----------------
tabu_x_genes: [0, 8, 1, 1, 0, 0] 
p1: [5 2] 
solution y fitness: 19.13382916666667 
delta: 0.8507854166666675 
tabu_list: [[0, 14, 1, 1, 1, 0], [14, 8, 0, 1, 0, 0], [26, 8, 0, 0, 1, 0], [0, 5, 0, 0, 1, 0], [0, 11, 1, 0, 0, 0], [11, 8, 1, 0, 0, 0], [0, 14, 0, 1, 1, 1], [30, 8, 1, 1, 0, 1], [0, 8, 1, 0, 0, 1], [0, 8, 0, 1, 1, 0], [0, 8, 0, 1, 0, 1]] 


----------------iteration:78----------------
tabu_x_genes: [0, 8, 1, 1, 0, 0] 
p1: [3 2] 
solution y fitness: 19.478275 
delta: 1.195231249999999 
tabu_list: [[14, 8, 0, 1, 0, 0], [26, 8, 0, 0, 1, 0], [0, 5, 0, 0, 1, 0], [0, 11, 1, 0, 0, 0], [11, 8, 1, 0, 0, 0], [0, 14, 0, 1, 1, 1], [30, 8, 1, 1, 0, 1], [0, 8, 1, 0, 0, 1], [0, 8, 0, 1, 1, 0], [0, 8, 0, 1, 0, 1], [0, 8, 0, 0, 0, 0]] 


----------------iteration:79----------------
tabu_x_genes: [0, 8, 1, 1, 0, 0] 
p1: [0 5] 
solution y fitness: 18.10966666666667 
delta: -0.17337708333333168 
solution x y ile değiştirildi. Daha iyi performans

----------------iteration:80----------------
tabu_x_genes: [3, 8, 1, 1, 0, 1] 
p1: [2 1] 
solution y fitness: 19.929333333333332 
delta: 1.819666666666663 
tabu_list: [[26, 8, 0, 0, 1, 0], [0, 5, 0, 0, 1, 0], [0, 11, 1, 0, 0, 0], [11, 8, 1, 0, 0, 0], [0, 14, 0, 1, 1, 1], [30, 8, 1, 1, 0, 1], [0, 8, 1, 0, 0, 1], [0, 8, 0, 1, 1, 0], [0, 8, 0, 1, 0, 1], [0, 8, 0, 0, 0, 0], [3, 5, 0, 1, 0, 1]] 


----------------iteration:81----------------
tabu_x_genes: [3, 8, 1, 1, 0, 1] 
p1: [4 1] 
solution y fitness: 19.385875 
delta: 1.2762083333333294 
tabu_list: [[0, 5, 0, 0, 1, 0], [0, 11, 1, 0, 0, 0], [11, 8, 1, 0, 0, 0], [0, 14, 0, 1, 1, 1], [30, 8, 1, 1, 0, 1], [0, 8, 1, 0, 0, 1], [0, 8, 0, 1, 1, 0], [0, 8, 0, 1, 0, 1], [0, 8, 0, 0, 0, 0], [3, 5, 0, 1, 0, 1], [3, 7, 1, 1, 1, 1]] 


----------------iteration:82----------------
tabu_x_genes: [3, 8, 1, 1, 0, 1] 
p1: [0 1] 
solution y fitness: 21.094183333333334 
delta: 2.9845166666666643 
tabu_list: [[0, 11, 1, 0, 0, 0], [11, 8, 1, 0, 0, 0], [0, 14, 0, 1, 1, 1], [30, 8, 1, 1, 0, 1], [0, 8, 1, 0, 0, 1], [0, 8, 0, 1, 1, 0], [0, 8, 0, 1, 0, 1], [0, 8, 0, 0, 0, 0], [3, 5, 0, 1, 0, 1], [3, 7, 1, 1, 1, 1], [2, 14, 1, 1, 0, 1]] 


----------------iteration:83----------------
tabu_x_genes: [3, 8, 1, 1, 0, 1] 
p1: [5 0] 
solution y fitness: 20.486700000000003 
delta: 2.3770333333333333 
tabu_list: [[11, 8, 1, 0, 0, 0], [0, 14, 0, 1, 1, 1], [30, 8, 1, 1, 0, 1], [0, 8, 1, 0, 0, 1], [0, 8, 0, 1, 1, 0], [0, 8, 0, 1, 0, 1], [0, 8, 0, 0, 0, 0], [3, 5, 0, 1, 0, 1], [3, 7, 1, 1, 1, 1], [2, 14, 1, 1, 0, 1], [2, 8, 1, 1, 0, 0]] 


----------------iteration:84----------------
tabu_x_genes: [3, 8, 1, 1, 0, 1] 
p1: [5 4] 
solution y fitness: 19.063666666666666 
delta: 0.9539999999999971 
tabu_list: [[0, 14, 0, 1, 1, 1], [30, 8, 1, 1, 0, 1], [0, 8, 1, 0, 0, 1], [0, 8, 0, 1, 1, 0], [0, 8, 0, 1, 0, 1], [0, 8, 0, 0, 0, 0], [3, 5, 0, 1, 0, 1], [3, 7, 1, 1, 1, 1], [2, 14, 1, 1, 0, 1], [2, 8, 1, 1, 0, 0], [3, 8, 1, 1, 1, 0]] 


----------------iteration:85----------------
tabu_x_genes: [3, 8, 1, 1, 0, 1] 
p1: [2 4] 
solution y fitness: 19.074333333333332 
delta: 0.9646666666666626 
tabu_list: [[30, 8, 1, 1, 0, 1], [0, 8, 1, 0, 0, 1], [0, 8, 0, 1, 1, 0], [0, 8, 0, 1, 0, 1], [0, 8, 0, 0, 0, 0], [3, 5, 0, 1, 0, 1], [3, 7, 1, 1, 1, 1], [2, 14, 1, 1, 0, 1], [2, 8, 1, 1, 0, 0], [3, 8, 1, 1, 1, 0], [3, 8, 0, 1, 1, 1]] 


----------------iteration:86----------------
tabu_x_genes: [3, 8, 1, 1, 0, 1] 
p1: [0 3] 
solution y fitness: 22.67975 
delta: 4.570083333333329 
tabu_list: [[0, 8, 1, 0, 0, 1], [0, 8, 0, 1, 1, 0], [0, 8, 0, 1, 0, 1], [0, 8, 0, 0, 0, 0], [3, 5, 0, 1, 0, 1], [3, 7, 1, 1, 1, 1], [2, 14, 1, 1, 0, 1], [2, 8, 1, 1, 0, 0], [3, 8, 1, 1, 1, 0], [3, 8, 0, 1, 1, 1], [7, 8, 1, 0, 0, 1]] 


----------------iteration:87----------------
tabu_x_genes: [3, 8, 1, 1, 0, 1] 
p1: [0 2] 
solution y fitness: 21.820166666666665 
delta: 3.710499999999996 
tabu_list: [[0, 8, 0, 1, 1, 0], [0, 8, 0, 1, 0, 1], [0, 8, 0, 0, 0, 0], [3, 5, 0, 1, 0, 1], [3, 7, 1, 1, 1, 1], [2, 14, 1, 1, 0, 1], [2, 8, 1, 1, 0, 0], [3, 8, 1, 1, 1, 0], [3, 8, 0, 1, 1, 1], [7, 8, 1, 0, 0, 1], [32, 8, 0, 1, 0, 1]] 


----------------iteration:88----------------
tabu_x_genes: [3, 8, 1, 1, 0, 1] 
p1: [3 1] 
solution y fitness: 18.824083333333334 
delta: 0.7144166666666649 
tabu_list: [[0, 8, 0, 1, 0, 1], [0, 8, 0, 0, 0, 0], [3, 5, 0, 1, 0, 1], [3, 7, 1, 1, 1, 1], [2, 14, 1, 1, 0, 1], [2, 8, 1, 1, 0, 0], [3, 8, 1, 1, 1, 0], [3, 8, 0, 1, 1, 1], [7, 8, 1, 0, 0, 1], [32, 8, 0, 1, 0, 1], [3, 20, 1, 0, 0, 1]] 


----------------iteration:89----------------
tabu_x_genes: [3, 8, 1, 1, 0, 1] 
p1: [3 5] 
solution y fitness: 19.615083333333335 
delta: 1.5054166666666653 
tabu_list: [[0, 8, 0, 0, 0, 0], [3, 5, 0, 1, 0, 1], [3, 7, 1, 1, 1, 1], [2, 14, 1, 1, 0, 1], [2, 8, 1, 1, 0, 0], [3, 8, 1, 1, 1, 0], [3, 8, 0, 1, 1, 1], [7, 8, 1, 0, 0, 1], [32, 8, 0, 1, 0, 1], [3, 20, 1, 0, 0, 1], [3, 8, 1, 0, 0, 0]] 


----------------iteration:90----------------
tabu_x_genes: [3, 8, 1, 1, 0, 1] 
p1: [5 0] 
solution y fitness: 28.5572625 
delta: 10.447595833333331 
tabu_list: [[3, 5, 0, 1, 0, 1], [3, 7, 1, 1, 1, 1], [2, 14, 1, 1, 0, 1], [2, 8, 1, 1, 0, 0], [3, 8, 1, 1, 1, 0], [3, 8, 0, 1, 1, 1], [7, 8, 1, 0, 0, 1], [32, 8, 0, 1, 0, 1], [3, 20, 1, 0, 0, 1], [3, 8, 1, 0, 0, 0], [26, 8, 1, 1, 0, 0]] 


----------------iteration:91----------------
tabu_x_genes: [3, 8, 1, 1, 0, 1] 
p1: [0 2] 
solution y fitness: 20.841416666666667 
delta: 2.731749999999998 
tabu_list: [[3, 7, 1, 1, 1, 1], [2, 14, 1, 1, 0, 1], [2, 8, 1, 1, 0, 0], [3, 8, 1, 1, 1, 0], [3, 8, 0, 1, 1, 1], [7, 8, 1, 0, 0, 1], [32, 8, 0, 1, 0, 1], [3, 20, 1, 0, 0, 1], [3, 8, 1, 0, 0, 0], [26, 8, 1, 1, 0, 0], [31, 8, 0, 1, 0, 1]] 


----------------iteration:92----------------
tabu_x_genes: [3, 8, 1, 1, 0, 1] 
p1: [5 2] 
solution y fitness: 19.006708333333336 
delta: 0.8970416666666665 
tabu_list: [[2, 14, 1, 1, 0, 1], [2, 8, 1, 1, 0, 0], [3, 8, 1, 1, 1, 0], [3, 8, 0, 1, 1, 1], [7, 8, 1, 0, 0, 1], [32, 8, 0, 1, 0, 1], [3, 20, 1, 0, 0, 1], [3, 8, 1, 0, 0, 0], [26, 8, 1, 1, 0, 0], [31, 8, 0, 1, 0, 1], [3, 8, 0, 1, 0, 0]] 


----------------iteration:93----------------
tabu_x_genes: [3, 8, 1, 1, 0, 1] 
p1: [2 0] 
solution y fitness: 19.410083333333333 
delta: 1.3004166666666634 
tabu_list: [[2, 8, 1, 1, 0, 0], [3, 8, 1, 1, 1, 0], [3, 8, 0, 1, 1, 1], [7, 8, 1, 0, 0, 1], [32, 8, 0, 1, 0, 1], [3, 20, 1, 0, 0, 1], [3, 8, 1, 0, 0, 0], [26, 8, 1, 1, 0, 0], [31, 8, 0, 1, 0, 1], [3, 8, 0, 1, 0, 0], [9, 8, 0, 1, 0, 1]] 


----------------iteration:94----------------
tabu_x_genes: [3, 8, 1, 1, 0, 1] 
p1: [3 0] 
solution y fitness: 21.0145 
delta: 2.9048333333333325 
tabu_list: [[3, 8, 1, 1, 1, 0], [3, 8, 0, 1, 1, 1], [7, 8, 1, 0, 0, 1], [32, 8, 0, 1, 0, 1], [3, 20, 1, 0, 0, 1], [3, 8, 1, 0, 0, 0], [26, 8, 1, 1, 0, 0], [31, 8, 0, 1, 0, 1], [3, 8, 0, 1, 0, 0], [9, 8, 0, 1, 0, 1], [16, 8, 1, 0, 0, 1]] 


----------------iteration:95----------------
tabu_x_genes: [3, 8, 1, 1, 0, 1] 
p1: [0 2] 
solution y fitness: 26.479391666666665 
delta: 8.369724999999995 
tabu_list: [[3, 8, 0, 1, 1, 1], [7, 8, 1, 0, 0, 1], [32, 8, 0, 1, 0, 1], [3, 20, 1, 0, 0, 1], [3, 8, 1, 0, 0, 0], [26, 8, 1, 1, 0, 0], [31, 8, 0, 1, 0, 1], [3, 8, 0, 1, 0, 0], [9, 8, 0, 1, 0, 1], [16, 8, 1, 0, 0, 1], [22, 8, 0, 1, 0, 1]] 


----------------iteration:96----------------
tabu_x_genes: [3, 8, 1, 1, 0, 1] 
p1: [2 1] 
solution y fitness: 20.535249999999998 
delta: 2.4255833333333285 
tabu_list: [[7, 8, 1, 0, 0, 1], [32, 8, 0, 1, 0, 1], [3, 20, 1, 0, 0, 1], [3, 8, 1, 0, 0, 0], [26, 8, 1, 1, 0, 0], [31, 8, 0, 1, 0, 1], [3, 8, 0, 1, 0, 0], [9, 8, 0, 1, 0, 1], [16, 8, 1, 0, 0, 1], [22, 8, 0, 1, 0, 1], [3, 21, 0, 1, 0, 1]] 


----------------iteration:97----------------
tabu_x_genes: [3, 8, 1, 1, 0, 1] 
p1: [2 5] 
solution y fitness: 19.669833333333337 
delta: 1.5601666666666674 
tabu_list: [[32, 8, 0, 1, 0, 1], [3, 20, 1, 0, 0, 1], [3, 8, 1, 0, 0, 0], [26, 8, 1, 1, 0, 0], [31, 8, 0, 1, 0, 1], [3, 8, 0, 1, 0, 0], [9, 8, 0, 1, 0, 1], [16, 8, 1, 0, 0, 1], [22, 8, 0, 1, 0, 1], [3, 21, 0, 1, 0, 1], [3, 8, 0, 0, 0, 0]] 


----------------iteration:98----------------
tabu_x_genes: [3, 8, 1, 1, 0, 1] 
p1: [0 2] 
solution y fitness: 19.69225 
delta: 1.5825833333333321 
tabu_list: [[3, 20, 1, 0, 0, 1], [3, 8, 1, 0, 0, 0], [26, 8, 1, 1, 0, 0], [31, 8, 0, 1, 0, 1], [3, 8, 0, 1, 0, 0], [9, 8, 0, 1, 0, 1], [16, 8, 1, 0, 0, 1], [22, 8, 0, 1, 0, 1], [3, 21, 0, 1, 0, 1], [3, 8, 0, 0, 0, 0], [12, 8, 0, 1, 0, 1]] 


----------------iteration:99----------------
tabu_x_genes: [3, 8, 1, 1, 0, 1] 
p1: [5 1] 
solution y fitness: 18.594208333333334 
delta: 0.4845416666666651 
tabu_list: [[3, 8, 1, 0, 0, 0], [26, 8, 1, 1, 0, 0], [31, 8, 0, 1, 0, 1], [3, 8, 0, 1, 0, 0], [9, 8, 0, 1, 0, 1], [16, 8, 1, 0, 0, 1], [22, 8, 0, 1, 0, 1], [3, 21, 0, 1, 0, 1], [3, 8, 0, 0, 0, 0], [12, 8, 0, 1, 0, 1], [3, 16, 1, 1, 0, 0]] 


----------------iteration:100----------------
tabu_x_genes: [3, 8, 1, 1, 0, 1] 
p1: [0 5] 
solution y fitness: 20.486700000000003 
delta: 2.3770333333333333 
tabu_list: [[26, 8, 1, 1, 0, 0], [31, 8, 0, 1, 0, 1], [3, 8, 0, 1, 0, 0], [9, 8, 0, 1, 0, 1], [16, 8, 1, 0, 0, 1], [22, 8, 0, 1, 0, 1], [3, 21, 0, 1, 0, 1], [3, 8, 0, 0, 0, 0], [12, 8, 0, 1, 0, 1], [3, 16, 1, 1, 0, 0], [2, 8, 1, 1, 0, 0]] 
